-4.000000000000000000e+00 0.000000000000000000e+00
-3.959798994974874198e+00 3.121988588194073988e-01
-3.919597989949748840e+00 4.248738854602390203e-01
-3.879396984924623037e+00 5.033869596207050101e-01
-3.839195979899497679e+00 5.645185883863658161e-01
-3.798994974874371877e+00 6.147701921560048133e-01
-3.758793969849246075e+00 6.574023746744765972e-01
-3.718592964824120717e+00 6.943012590806022510e-01
-3.678391959798994915e+00 7.266752690199768105e-01
-3.638190954773869557e+00 7.553641586559419752e-01
-3.597989949748743754e+00 7.809904256842784553e-01
-3.557788944723617952e+00 8.040383715470991177e-01
-3.517587939698492594e+00 8.248974124024684995e-01
-3.477386934673366792e+00 8.438869617212058083e-01
-3.437185929648241434e+00 8.612716091175621758e-01
-3.396984924623115631e+00 8.772711485823981858e-01
-3.356783919597989829e+00 8.920678616508272984e-01
-3.316582914572864471e+00 9.058123131882881429e-01
-3.276381909547738669e+00 9.186282933447205146e-01
-3.236180904522613311e+00 9.306172012381804803e-01
-3.195979899497487509e+00 9.418619884863136393e-01
-3.155778894472361706e+00 9.524306942782795327e-01
-3.115577889447235904e+00 9.623795684266998052e-01
-3.075376884422110546e+00 9.717557713914772854e-01
-3.035175879396985188e+00 9.805996467720373699e-01
-2.994974874371859386e+00 9.889465740397841431e-01
-2.954773869346733584e+00 9.968284226065921017e-01
-2.914572864321607781e+00 1.004274640118170581e+00
-2.874371859296482423e+00 1.011313016875069914e+00
-2.834170854271357065e+00 1.017970174092023061e+00
-2.793969849246231263e+00 1.024271826374490324e+00
-2.753768844221105461e+00 1.030242868666332523e+00
-2.713567839195979658e+00 1.035907335492257886e+00
-2.673366834170854300e+00 1.041288276122142253e+00
-2.633165829145728942e+00 1.046407583854201295e+00
-2.592964824120603140e+00 1.051285811441674101e+00
-2.552763819095477338e+00 1.055941998203241861e+00
-2.512562814070351536e+00 1.060393527919945678e+00
-2.472361809045226178e+00 1.064656030516861085e+00
-2.432160804020100819e+00 1.068743334971049785e+00
-2.391959798994975017e+00 1.072667476027410860e+00
-2.351758793969849215e+00 1.076438753231474310e+00
-2.311557788944723413e+00 1.080065837542711016e+00
-2.271356783919598055e+00 1.083555918371172266e+00
-2.231155778894472252e+00 1.086914882247943082e+00
-2.190954773869346894e+00 1.090147513433423754e+00
-2.150753768844221092e+00 1.093257706505785354e+00
-2.110552763819095290e+00 1.096248681261246860e+00
-2.070351758793969932e+00 1.099123190998057442e+00
-2.030150753768844130e+00 1.101883716345163577e+00
-1.989949748743718771e+00 1.104532638134795297e+00
-1.949748743718592969e+00 1.107072384311537983e+00
-1.909547738693467167e+00 1.109505547432637185e+00
-1.869346733668341809e+00 1.111834970869147510e+00
-1.829145728643216007e+00 1.114063803299855326e+00
-1.788944723618090649e+00 1.116195522446171928e+00
-1.748743718592964846e+00 1.118233930184853397e+00
-1.708542713567839044e+00 1.120183122166527712e+00
-1.668341708542713686e+00 1.122047435842748797e+00
-1.628140703517587884e+00 1.123831381354182701e+00
-1.587939698492462526e+00 1.125539560058254507e+00
-1.547738693467336724e+00 1.127176575585013829e+00
-1.507537688442210921e+00 1.128746942220730798e+00
-1.467336683417085563e+00 1.130254995151083852e+00
-1.427135678391959761e+00 1.131704806675002617e+00
-1.386934673366833959e+00 1.133100111954790323e+00
-1.346733668341708601e+00 1.134444247227905267e+00
-1.306532663316582799e+00 1.135740102701508603e+00
-1.266331658291457440e+00 1.136990091612609444e+00
-1.226130653266331638e+00 1.138196136193220243e+00
-1.185929648241205836e+00 1.139359670557962056e+00
-1.145728643216080478e+00 1.140481659854956087e+00
-1.105527638190954676e+00 1.141562634410081545e+00
-1.065326633165829318e+00 1.142602737066801932e+00
-1.025125628140703515e+00 1.143601781491693004e+00
-9.849246231155777132e-01 1.144559318888691335e+00
-9.447236180904523550e-01 1.145474710347922143e+00
-9.045226130653265528e-01 1.146347201949079242e+00
-8.643216080402011947e-01 1.147175999742239716e+00
-8.241206030150753925e-01 1.147960341835068787e+00
-7.839195979899495903e-01 1.148699565015886659e+00
-7.437185929648242322e-01 1.149393163625860970e+00
-7.035175879396984300e-01 1.150040838747419913e+00
-6.633165829145730719e-01 1.150642536185033871e+00
-6.231155778894472697e-01 1.151198472162964226e+00
-5.829145728643214674e-01 1.151709146136034700e+00
-5.427135678391961093e-01 1.152175340587481278e+00
-5.025125628140703071e-01 1.152598108156575929e+00
-4.623115577889445049e-01 1.152978746882781902e+00
-4.221105527638191468e-01 1.153318764758934689e+00
-3.819095477386933446e-01 1.153619835141072691e+00
-3.417085427135679865e-01 1.153883744856822657e+00
-3.015075376884421843e-01 1.154112337079507888e+00
-2.613065326633163821e-01 1.154307451185551781e+00
-2.211055276381910240e-01 1.154470861884966393e+00
-1.809045226130652217e-01 1.154604219907728879e+00
-1.407035175879398636e-01 1.154708996444189006e+00
-1.005025125628140614e-01 1.154786433379176858e+00
-6.030150753768825922e-02 1.154837501133203492e+00
-2.010050251256290110e-02 1.154862865638062175e+00
2.010050251256245701e-02 1.154862865638062175e+00
6.030150753768825922e-02 1.154837501133203492e+00
1.005025125628140614e-01 1.154786433379176858e+00
1.407035175879398636e-01 1.154708996444189006e+00
1.809045226130656658e-01 1.154604219907729323e+00
2.211055276381905799e-01 1.154470861884966171e+00
2.613065326633163821e-01 1.154307451185551781e+00
3.015075376884421843e-01 1.154112337079508110e+00
3.417085427135679865e-01 1.153883744856822657e+00
3.819095477386937887e-01 1.153619835141072469e+00
4.221105527638187027e-01 1.153318764758934689e+00
4.623115577889445049e-01 1.152978746882781902e+00
5.025125628140703071e-01 1.152598108156575929e+00
5.427135678391961093e-01 1.152175340587481278e+00
5.829145728643219115e-01 1.151709146136034478e+00
6.231155778894468256e-01 1.151198472162964226e+00
6.633165829145726278e-01 1.150642536185033649e+00
7.035175879396984300e-01 1.150040838747420135e+00
7.437185929648242322e-01 1.149393163625860970e+00
7.839195979899500344e-01 1.148699565015886659e+00
8.241206030150749484e-01 1.147960341835068787e+00
8.643216080402007506e-01 1.147175999742239716e+00
9.045226130653265528e-01 1.146347201949079020e+00
9.447236180904523550e-01 1.145474710347922143e+00
9.849246231155781572e-01 1.144559318888691557e+00
1.025125628140703959e+00 1.143601781491693226e+00
1.065326633165828873e+00 1.142602737066802154e+00
1.105527638190954676e+00 1.141562634410081545e+00
1.145728643216080478e+00 1.140481659854956087e+00
1.185929648241206280e+00 1.139359670557962056e+00
1.226130653266332082e+00 1.138196136193220021e+00
1.266331658291456996e+00 1.136990091612609444e+00
1.306532663316582799e+00 1.135740102701508603e+00
1.346733668341708601e+00 1.134444247227905267e+00
1.386934673366834403e+00 1.133100111954790101e+00
1.427135678391960205e+00 1.131704806675002173e+00
1.467336683417085119e+00 1.130254995151083630e+00
1.507537688442210921e+00 1.128746942220730798e+00
1.547738693467336724e+00 1.127176575585013829e+00
1.587939698492462526e+00 1.125539560058254507e+00
1.628140703517588328e+00 1.123831381354182479e+00
1.668341708542713242e+00 1.122047435842749241e+00
1.708542713567839044e+00 1.120183122166527934e+00
1.748743718592964846e+00 1.118233930184853397e+00
1.788944723618090649e+00 1.116195522446171928e+00
1.829145728643216451e+00 1.114063803299855326e+00
1.869346733668341365e+00 1.111834970869147510e+00
1.909547738693467167e+00 1.109505547432636963e+00
1.949748743718592969e+00 1.107072384311537760e+00
1.989949748743718771e+00 1.104532638134795297e+00
2.030150753768844574e+00 1.101883716345163355e+00
2.070351758793969488e+00 1.099123190998057220e+00
2.110552763819095290e+00 1.096248681261246860e+00
2.150753768844221092e+00 1.093257706505785354e+00
2.190954773869346894e+00 1.090147513433423532e+00
2.231155778894472697e+00 1.086914882247943082e+00
2.271356783919597611e+00 1.083555918371172488e+00
2.311557788944723413e+00 1.080065837542710794e+00
2.351758793969849215e+00 1.076438753231474310e+00
2.391959798994975017e+00 1.072667476027410860e+00
2.432160804020100819e+00 1.068743334971049563e+00
2.472361809045225733e+00 1.064656030516861307e+00
2.512562814070351536e+00 1.060393527919945678e+00
2.552763819095477338e+00 1.055941998203241861e+00
2.592964824120603140e+00 1.051285811441674545e+00
2.633165829145728942e+00 1.046407583854201073e+00
2.673366834170853856e+00 1.041288276122142475e+00
2.713567839195979658e+00 1.035907335492257886e+00
2.753768844221105461e+00 1.030242868666332523e+00
2.793969849246231263e+00 1.024271826374490102e+00
2.834170854271357065e+00 1.017970174092023283e+00
2.874371859296481979e+00 1.011313016875069692e+00
2.914572864321607781e+00 1.004274640118170581e+00
2.954773869346733584e+00 9.968284226065921017e-01
2.994974874371859386e+00 9.889465740397841431e-01
3.035175879396985188e+00 9.805996467720373699e-01
3.075376884422110990e+00 9.717557713914770634e-01
3.115577889447235904e+00 9.623795684266996942e-01
3.155778894472361706e+00 9.524306942782795327e-01
3.195979899497487509e+00 9.418619884863136393e-01
3.236180904522613311e+00 9.306172012381804803e-01
3.276381909547739113e+00 9.186282933447204035e-01
3.316582914572864027e+00 9.058123131882883650e-01
3.356783919597989829e+00 8.920678616508271874e-01
3.396984924623115631e+00 8.772711485823981858e-01
3.437185929648241434e+00 8.612716091175622868e-01
3.477386934673367236e+00 8.438869617212056973e-01
3.517587939698492150e+00 8.248974124024687216e-01
3.557788944723617952e+00 8.040383715470991177e-01
3.597989949748743754e+00 7.809904256842784553e-01
3.638190954773869557e+00 7.553641586559419752e-01
3.678391959798995359e+00 7.266752690199765885e-01
3.718592964824120273e+00 6.943012590806025841e-01
3.758793969849246075e+00 6.574023746744765972e-01
3.798994974874371877e+00 6.147701921560047023e-01
3.839195979899497679e+00 5.645185883863658161e-01
3.879396984924623482e+00 5.033869596207040109e-01
3.919597989949748396e+00 4.248738854602399639e-01
3.959798994974874198e+00 3.121988588194072323e-01
4.000000000000000000e+00 1.285381468187101177e-16
