-5.000000000000000000e+00 -2.361659943450783727e-01 3.361715304305108384e-03
-4.210526315789473450e+00 -1.740170484647945992e-01 1.825197228930197473e-03
-3.421052631578947345e+00 -1.118681025845108534e-01 7.542906915476840432e-04
-2.631578947368421240e+00 -4.971915670422703132e-02 1.489956921575671478e-04
-1.842105263157894690e+00 1.242978917605677171e-02 9.312230759847968761e-06
-1.052631578947368585e+00 7.457873505634055045e-02 3.352403073545261571e-04
-2.631578947368424792e-01 1.367276809366242962e-01 1.126779921941600815e-03
5.263157894736840703e-01 1.988766268169081253e-01 2.383931074521074365e-03
1.315789473684210620e+00 2.610255726971918988e-01 4.106693765092944530e-03
2.105263157894736281e+00 3.231745185774755891e-01 6.295067993657208275e-03
2.894736842105262831e+00 3.853234644577594459e-01 8.949053760213874706e-03
3.684210526315789380e+00 4.474724103380434137e-01 1.206865106476294469e-02
4.473684210526315042e+00 5.096213562183269374e-01 1.565385990730439048e-02
5.263157894736842479e+00 5.717703020986109053e-01 1.970468028783826236e-02
6.052631578947368141e+00 6.339192479788944290e-01 2.422111220636449444e-02
6.842105263157895578e+00 6.960681938591783968e-01 2.920315566288315956e-02
7.631578947368421240e+00 7.582171397394623646e-01 3.465081065739421956e-02
8.421052631578946901e+00 8.203660856197459994e-01 4.056407718989766403e-02
9.210526315789472562e+00 8.825150315000298562e-01 4.694295526039351379e-02
1.000000000000000000e+01 9.446639773803134910e-01 5.378744486888173415e-02
