0.000000000000000000e+00 0.000000000000000000e+00
2.517288084074031929e-04 2.516495991661753901e-05
1.006661764057781294e-03 1.005395054173761172e-04
2.264038713457705576e-03 2.257631374337661090e-04
4.022593584602329742e-03 4.002367010668724098e-04
6.280555661802800227e-03 6.231248937526545325e-04
9.035651368646646642e-03 8.933597624076987506e-04
1.228510655729647683e-02 1.209645175339131530e-03
1.602564930182182046e-02 1.570462250739058756e-03
2.025351319275126016e-02 1.974075719694007129e-03
2.496444112952733718e-02 2.418541197839029194e-03
3.015368960704578605e-02 2.901713336089820679e-03
3.581603349196366137e-02 3.421254817309182447e-03
4.194577128396520527e-02 3.974646162320679549e-03
4.853673085668941400e-02 4.559196305387102494e-03
5.558227567253826162e-02 5.172053896136570572e-03
6.307531146510747533e-02 5.810219281958206930e-03
7.100829338251141154e-02 6.470557122114038544e-03
7.937323358440939725e-02 7.149809582235286051e-03
8.816170928508360038e-02 7.844610055499908613e-03
9.736487123447062908e-02 8.551497354633931514e-03
1.069734526286063026e-01 9.266930316950045682e-03
1.169777784405109378e-01 9.987302762941433973e-03
1.273677751621226095e-01 1.070895874749363229e-02
1.381329809474648451e-01 1.142820804156739756e-02
1.492625561468393647e-01 1.214134178124788577e-02
1.607452942214338543e-01 1.284464822035146642e-02
1.725696330273573942e-01 1.353442852233613554e-02
1.847236664577387999e-01 1.420701252707513504e-02
1.971951564311666405e-01 1.485877442812762531e-02
2.099715452144008676e-01 1.548614829647468674e-02
2.230399680669447604e-01 1.608564338728150564e-02
2.363872661947486464e-01 1.665385916709649292e-02
2.499999999999997780e-01 1.718749999999999098e-02
2.638644626136583682e-01 1.768338943256649726e-02
2.779666936971130209e-01 1.813848401909821592e-02
2.922924934990568380e-01 1.854988663041865979e-02
3.068274371534356337e-01 1.891485919157537623e-02
3.215568892040640003e-01 1.923083479608206012e-02
3.364660183412890859e-01 1.949542914682382208e-02
3.515398123358624005e-01 1.970645127644456845e-02
3.667630931549822337e-01 1.986191350292194555e-02
3.821205322452865261e-01 1.996004057910101895e-02
3.975966659674047277e-01 1.999927799819097018e-02
4.131759111665348483e-01 1.999035529805175126e-02
4.288425808633573588e-01 1.995378364050781617e-02
4.445809000494944097e-01 1.988958574170983026e-02
4.603750215716055916e-01 1.979749204279045854e-02
4.762090420881286423e-01 1.967734343911166361e-02
4.920670180825961748e-01 1.952909245452105064e-02
5.079329819174041027e-01 1.935280396746763207e-02
5.237909579118711356e-01 1.914865548551452148e-02
5.396249784283941864e-01 1.891693696660391374e-02
5.554190999505054238e-01 1.865805018725415557e-02
5.711574191366424191e-01 1.837250765969354258e-02
5.868240888334650407e-01 1.806093110175252536e-02
6.024033340325950503e-01 1.772404946513832236e-02
6.178794677547136960e-01 1.736269652949570114e-02
6.332369068450175442e-01 1.697780807140936848e-02
6.484601876641370444e-01 1.657041861921676462e-02
6.635339816587108031e-01 1.614165780617257337e-02
6.784431107959358886e-01 1.569274633612678660e-02
6.931725628465641442e-01 1.522499157744318897e-02
7.077075065009430510e-01 1.473978280238733354e-02
7.220333063028867571e-01 1.423858609064617385e-02
7.361355373863414098e-01 1.372293891699974747e-02
7.499999999999996669e-01 1.319444444444445481e-02
7.636127338052511870e-01 1.265476554525953035e-02
7.769600319330550731e-01 1.210561857361278429e-02
7.900284547855989103e-01 1.154876691430878344e-02
8.028048435688331930e-01 1.098601433319376999e-02
8.152763335422610336e-01 1.041919815553871143e-02
8.274303669726426058e-01 9.850182299424001947e-03
8.392547057785657572e-01 9.280850191743647212e-03
8.507374438531606353e-01 8.713097594928826198e-03
8.618670190525350439e-01 8.148825372862515334e-03
8.726322248378772795e-01 7.589932224711012573e-03
8.830222215594889512e-01 7.038307415540888748e-03
8.930265473713936419e-01 6.495823532613496237e-03
9.026351287655294264e-01 5.964329296158865645e-03
9.118382907149161776e-01 5.445642453224055178e-03
9.206267664155906028e-01 4.941542782869222730e-03
9.289917066174885329e-01 4.453765240550936096e-03
9.369246885348924136e-01 3.983993268983823839e-03
9.444177243274616274e-01 3.533852302117107026e-03
9.514632691433104750e-01 3.104903488098486111e-03
9.580542287160349613e-01 2.698637656230629123e-03
9.641839665080361721e-01 2.316469551958843034e-03
9.698463103929542140e-01 1.959732362863163616e-03
9.750355588704725518e-01 1.629672557473513727e-03
9.797464868072487398e-01 1.327445057480694263e-03
9.839743506981781795e-01 1.054108762591179655e-03
9.877148934427034677e-01 8.106224458684302761e-04
9.909643486313534089e-01 5.978410359289021035e-04
9.937194443381971443e-01 4.165123008190225367e-04
9.959774064153976703e-01 2.672739467986579758e-04
9.977359612865421834e-01 1.506511436029583462e-04
9.989933382359421632e-01 6.705448605345524116e-05
9.997482711915925968e-01 1.677840014977258781e-05
1.000000000000000000e+00 0.000000000000000000e+00
