1.000000000000000000e+00 -1.109606747572604920e-18
9.997483524075234662e-01 1.082670065108319384e-05
9.989936624505156848e-01 4.327002637855565498e-05
9.977366883407932097e-01 9.721981502431247630e-05
9.959786929333949157e-01 1.724930167683274662e-04
9.937214424802034429e-01 2.688345203042540217e-04
9.909672048862382399e-01 3.859183005652794393e-04
9.877187474698471137e-01 5.233488792178779504e-04
9.839793342284044453e-01 6.806630868253938510e-04
9.797527226115000376e-01 8.573321134095431874e-04
9.750431598040079084e-01 1.052763832131545056e-03
9.698553785218367862e-01 1.266305379000764054e-03
9.641945923235966109e-01 1.497245969918345422e-03
9.580664904418769723e-01 1.744819934993521292e-03
9.514772321382889420e-01 2.008209948947096632e-03
9.444334405869320159e-01 2.286550435547627953e-03
9.369421962914291635e-01 2.578931123421167836e-03
9.290110300412173228e-01 2.884400730233414607e-03
9.206479154133007103e-01 3.201970752165672358e-03
9.118612608262185448e-01 3.530619335785095507e-03
9.026599011535372252e-01 3.869295209836580429e-03
8.930530889047193499e-01 4.216921655144965399e-03
8.830504849817901736e-01 4.572400491694267669e-03
8.726621490207507881e-01 4.934616063027499194e-03
8.618985293272485304e-01 5.302439199359506271e-03
8.507704524165270454e-01 5.674731142195269147e-03
8.392891121681966826e-01 6.050347414766004718e-03
8.274660586068588453e-01 6.428141624208317910e-03
8.153131863200747675e-01 6.806969183086910603e-03
8.028427225256322686e-01 7.185690939567402832e-03
7.900672148004470596e-01 7.563176707254445560e-03
7.769995184838468516e-01 7.938308687387457541e-03
7.636527837683130260e-01 8.309984777707094331e-03
7.500404424910867007e-01 8.677121763838663640e-03
7.361761946403212464e-01 9.038658390460804076e-03
7.220739945897121093e-01 9.393558310814488499e-03
7.077480370757701644e-01 9.740812914238013154e-03
6.932127429320642520e-01 1.007944403237273460e-02
6.784827445949529467e-01 1.040850652545469331e-02
6.635728713954344160e-01 1.072709075068309370e-02
6.484981346518722267e-01 1.103432491502747206e-02
6.332737125784420051e-01 1.132937731500264014e-02
6.179149350242186811e-01 1.161145846590351874e-02
6.024372680579068717e-01 1.187982312275791784e-02
5.868562984132499327e-01 1.213377219483394338e-02
5.711877178102225949e-01 1.237265455494328432e-02
5.554473071671622852e-01 1.259586874402893360e-02
5.396509207190358648e-01 1.280286457063795590e-02
5.238144700571024659e-01 1.299314460387773415e-02
5.079539081052922844e-01 1.316626555736543497e-02
4.920852130486872422e-01 1.332183956053231526e-02
4.762243722295701476e-01 1.345953531246611018e-02
4.603873660265919154e-01 1.357907911229739792e-02
4.445901517326974473e-01 1.368025575899006752e-02
4.288486474475609600e-01 1.376290931231262393e-02
4.131787160003778658e-01 1.382694370577729377e-02
3.975955026084796451e-01 1.387212250517988812e-02
3.821117982488461684e-01 1.388796500476601262e-02
3.667467325520635812e-01 1.386889309312159396e-02
3.515158108572223883e-01 1.381548493550148124e-02
3.364344044201842410e-01 1.372844051307598595e-02
3.215177347036834998e-01 1.360857880973914170e-02
3.067808578024229793e-01 1.345683453557446931e-02
2.922386490211517640e-01 1.327425438677949654e-02
2.779057876239217628e-01 1.306199284365748906e-02
2.637967417728703801e-01 1.282130751030714430e-02
2.499257536749647235e-01 1.255355400186912787e-02
2.363068249551493749e-01 1.226018038760913649e-02
2.229537022742813512e-01 1.194272120071294269e-02
2.098798632100695449e-01 1.160279102841767912e-02
1.970985024189954582e-01 1.124207769898052239e-02
1.846225180968526502e-01 1.086233508496150905e-02
1.724644987551094966e-01 1.046537554533981049e-02
1.606367103297765553e-01 1.005306203205767746e-02
1.491510836388454386e-01 9.627299889656767279e-03
1.380192022036746680e-01 9.190028379699528155e-03
1.272522904489190032e-01 8.743211964613998785e-03
1.168612022947601858e-01 8.288831388424493934e-03
1.068564101542970046e-01 7.828874594493336059e-03
9.724799434800157627e-02 7.365327522860986784e-03
8.804563294616549185e-02 6.900164831996560486e-03
7.925859204924852464e-02 6.435340591721388365e-03
7.089571651502846183e-02 5.972778995713029157e-03
6.296542114042887051e-02 5.514365143304189934e-03
5.547568230490471097e-02 5.061935941235095118e-03
4.843403008129421039e-02 4.617271176575338601e-03
4.184754081911307849e-02 4.182084812183607669e-03
3.572283020438921791e-02 3.758016555807254262e-03
3.006604679931831892e-02 3.346623753228959199e-03
2.488286606427331585e-02 2.949373654740833524e-03
2.017848486403063524e-02 2.567636102668029337e-03
1.595761645948801447e-02 2.202676685680566779e-03
1.222448598564310034e-02 1.855650403234707698e-03
8.982826416188572499e-03 1.527595880690711845e-03
6.235875014745508732e-03 1.219430172482721328e-03
3.986370272508693927e-03 9.319441871951609363e-04
2.236549331907709652e-03 6.657987645586045753e-04
9.881458957892641157e-04 4.215214302505919408e-04
2.423886215914774654e-04 1.995038500111967819e-04
0.000000000000000000e+00 0.000000000000000000e+00
2.610689952233289203e-04 -1.743388900945792429e-04
1.025177632326298473e-03 -3.209819248332158371e-04
2.291528095007701500e-03 -4.400356271248384663e-04
4.058816896695965556e-03 -5.317074861282884181e-04
6.325236308860091722e-03 -5.963052787300669039e-04
9.088476321104720784e-03 -6.342361182830129861e-04
1.234572712894985332e-02 -6.460052278955762768e-04
1.609368214415562645e-02 -6.322144349415078062e-04
2.032854152147188509e-02 -5.935603829740222076e-04
2.504601619478135852e-02 -5.308324569018045471e-04
3.024133241477325318e-02 -4.449104171391387360e-04
3.590923677953810483e-02 -3.367617384980718144e-04
4.204400174881733204e-02 -2.074386498629285543e-04
4.863943163208461762e-02 -5.807487118823567371e-05
5.568886904017181227e-02 1.101179549014750202e-04
6.318520178978608015e-02 2.958541386540165623e-04
7.112087024999436125e-02 4.977781264010093867e-04
7.948787511957026986e-02 7.144689905138981202e-04
8.827778562400170892e-02 9.444452235033485611e-04
9.748174812093968189e-02 1.186169831772944296e-03
1.070904951029156005e-01 1.438055722456710490e-03
1.170943545862618007e-01 1.698471374516942640e-03
1.274832598753262158e-01 1.965746782879633069e-03
1.382467596912550223e-01 2.238179661867869402e-03
1.493740286548332907e-01 2.514041891591119356e-03
1.608538781130912643e-01 2.791586188293790696e-03
1.726747672996052918e-01 3.069052976996324185e-03
1.848248148186249495e-01 3.344677442113625984e-03
1.972918104433379338e-01 3.616696729147107249e-03
2.100632272187321903e-01 3.883357268057008489e-03
2.231262338596081696e-01 4.142922186568562953e-03
2.364677074343479179e-01 4.393678779487356426e-03
2.500742463250348324e-01 4.633945998130863976e-03
2.639321834544463563e-01 4.862081922259353824e-03
2.780275997703042790e-01 5.076491175440727734e-03
2.923463379769619119e-01 5.275632243639164116e-03
3.068740165044482882e-01 5.458024656000906930e-03
3.215960437044445008e-01 5.622255986342918413e-03
3.364976322623939309e-01 5.766988633747836129e-03
3.515638138145024127e-01 5.890966340943086348e-03
3.667794537579008862e-01 5.993020409800352451e-03
3.821292662417268837e-01 6.072075574335005464e-03
3.975978293263298102e-01 6.127155493011082060e-03
4.131731063326918307e-01 6.163411592274457493e-03
4.288365142791537576e-01 6.190874328195193101e-03
4.445716483662913721e-01 6.209329982719762747e-03
4.603626771166192677e-01 6.218412930493061493e-03
4.761937119466871371e-01 6.217808126645554302e-03
4.920488231165051074e-01 6.207252893988735379e-03
5.079120557295159211e-01 6.186538410102197100e-03
5.237674457666398053e-01 6.155510881636787335e-03
5.395990361377525080e-01 6.114072395965957848e-03
5.553908927338485624e-01 6.062181443225221969e-03
5.711271204630622433e-01 5.999853104750258251e-03
5.867918792536801487e-01 5.927158906918581979e-03
6.023694000072832289e-01 5.844226342380404518e-03
6.178440004852087108e-01 5.751238063592182398e-03
6.332001011115930833e-01 5.648430756406728342e-03
6.484222406764018620e-01 5.536093704189293425e-03
6.634950919219871901e-01 5.414567055489480536e-03
6.784034769969188305e-01 5.284239810672093293e-03
6.931323827610640365e-01 5.145547545070454365e-03
7.076669759261159376e-01 4.998969888149320390e-03
7.219926180160614049e-01 4.845027779831685352e-03
7.360948801323615731e-01 4.684280526538943390e-03
7.499595575089126331e-01 4.517322680605791174e-03
7.635726838421893481e-01 4.344780767552436015e-03
7.769205453822632945e-01 4.167309886225326748e-03
7.899896947707507611e-01 3.985590207054337877e-03
8.027669646120341174e-01 3.800323393626367594e-03
8.152394807644472996e-01 3.612228972451800822e-03
8.273946753384263664e-01 3.422040675215684037e-03
8.392202993889348317e-01 3.230502776977642494e-03
8.507044352897942252e-01 3.038366452733557051e-03
8.618355087778215573e-01 2.846386173503009064e-03
8.726023006550037708e-01 2.655316161683513379e-03
8.829939581371877289e-01 2.465906923846621079e-03
8.930000058380679340e-01 2.278901877468530839e-03
9.026103563775216276e-01 2.095034086322285216e-03
9.118153206036138103e-01 1.915023117438959671e-03
9.206056174178804952e-01 1.739572030703556444e-03
9.289723831937597431e-01 1.569364510317521489e-03
9.369071807783558858e-01 1.405062145562643861e-03
9.444020080679912388e-01 1.247301866569479074e-03
9.514493061483320080e-01 1.096693539151389696e-03
9.580419669901929502e-01 9.538177212371077218e-04
9.641733406924757332e-01 8.192235820404976127e-04
9.698372422640716417e-01 6.934269838623995617e-04
9.750279579369371952e-01 5.769087253419686711e-04
9.797402510029974421e-01 4.701129440711510760e-04
9.839693671679519138e-01 3.734456757657858041e-04
9.877110394155598216e-01 2.872735666505523799e-04
9.909614923764685779e-01 2.119227353636226642e-04
9.937174461961908456e-01 1.476777805147685150e-04
9.959761198974004248e-01 9.478093003033052314e-05
9.977352342322911571e-01 5.343132857864586310e-05
9.989930140213686416e-01 2.378445967489958279e-05
9.997481899756617274e-01 5.951699498689393124e-06
1.000000000000000000e+00 1.109606747572604920e-18
