-2.000000000000000000e+00 0.000000000000000000e+00
-1.979899497487437099e+00 5.686590284350678121e-02
-1.959798994974874420e+00 7.768045887489581636e-02
-1.939698492462311519e+00 9.240507688743039572e-02
-1.919597989949748840e+00 1.040646028766463727e-01
-1.899497487437185939e+00 1.138254362372090323e-01
-1.879396984924623037e+00 1.222689751683751630e-01
-1.859296482412060358e+00 1.297290703579817295e-01
-1.839195979899497457e+00 1.364179589771381818e-01
-1.819095477386934778e+00 1.424820798667980337e-01
-1.798994974874371877e+00 1.480293761874904301e-01
-1.778894472361808976e+00 1.531435020213927634e-01
-1.758793969849246297e+00 1.578915557658696900e-01
-1.738693467336683396e+00 1.623284783982839319e-01
-1.718592964824120717e+00 1.664997002156901329e-01
-1.698492462311557816e+00 1.704428642813377026e-01
-1.678391959798994915e+00 1.741890650182189859e-01
-1.658291457286432236e+00 1.777638313627540878e-01
-1.638190954773869334e+00 1.811879697234987374e-01
-1.618090452261306655e+00 1.844783198039803285e-01
-1.597989949748743754e+00 1.876484434581592031e-01
-1.577889447236180853e+00 1.907092505710199504e-01
-1.557788944723617952e+00 1.936695592646437980e-01
-1.537688442211055273e+00 1.965365862616681170e-01
-1.517587939698492594e+00 1.993163644505249188e-01
-1.497487437185929693e+00 2.020140870733042604e-01
-1.477386934673366792e+00 2.046343806087176087e-01
-1.457286432160803891e+00 2.071815108516845416e-01
-1.437185929648241212e+00 2.096595286449218498e-01
-1.417085427135678533e+00 2.120723630970137441e-01
-1.396984924623115631e+00 2.144238709198792170e-01
-1.376884422110552730e+00 2.167178507854015390e-01
-1.356783919597989829e+00 2.189580314147056006e-01
-1.336683417085427150e+00 2.211480415653942488e-01
-1.316582914572864471e+00 2.232913692650653203e-01
-1.296482412060301570e+00 2.253913166417813585e-01
-1.276381909547738669e+00 2.274509556030065438e-01
-1.256281407035175768e+00 2.294730884818367012e-01
-1.236180904522613089e+00 2.314602166591176180e-01
-1.216080402010050410e+00 2.334145191262676500e-01
-1.195979899497487509e+00 2.353378420089556056e-01
-1.175879396984924607e+00 2.372316992485455078e-01
-1.155778894472361706e+00 2.390972839495777158e-01
-1.135678391959799027e+00 2.409354893528428965e-01
-1.115577889447236126e+00 2.427469379836879326e-01
-1.095477386934673447e+00 2.445320172476866671e-01
-1.075376884422110546e+00 2.462909195903743020e-01
-1.055276381909547645e+00 2.480236852911503753e-01
-1.035175879396984966e+00 2.497302460085826237e-01
-1.015075376884422065e+00 2.514104673190492578e-01
-9.949748743718593857e-01 2.530641886765512827e-01
-9.748743718592964846e-01 2.546912594524975981e-01
-9.547738693467335835e-01 2.562915699750892284e-01
-9.346733668341709045e-01 2.578650767645534470e-01
-9.145728643216080034e-01 2.594118214403507428e-01
-8.944723618090453243e-01 2.609319430487149760e-01
-8.743718592964824232e-01 2.624256838144090609e-01
-8.542713567839195221e-01 2.638933885520599043e-01
-8.341708542713568431e-01 2.653354981744199814e-01
-8.140703517587939420e-01 2.667525379035591837e-01
-7.939698492462312629e-01 2.681451009241434535e-01
-7.738693467336683618e-01 2.695138283148519331e-01
-7.537688442211054607e-01 2.708593861551603088e-01
-7.336683417085427816e-01 2.721824407317969263e-01
-7.135678391959798805e-01 2.734836327647235388e-01
-6.934673366834169794e-01 2.747635515397498507e-01
-6.733668341708543004e-01 2.760227097776737359e-01
-6.532663316582913993e-01 2.772615199922906504e-01
-6.331658291457287202e-01 2.784802729960895173e-01
-6.130653266331658191e-01 2.796791191073151883e-01
-5.929648241206029180e-01 2.808580524996251437e-01
-5.728643216080402389e-01 2.820168990198539394e-01
-5.527638190954773378e-01 2.831553076841832328e-01
-5.326633165829146588e-01 2.842727459516552480e-01
-5.125628140703517577e-01 2.853684987693818620e-01
-4.924623115577888566e-01 2.864416712883890992e-01
-4.723618090452261775e-01 2.874911950647322523e-01
-4.522613065326632764e-01 2.885158374886778732e-01
-4.321608040201005974e-01 2.895142141262653790e-01
-4.120603015075376963e-01 2.904848036128196975e-01
-3.919597989949747951e-01 2.914259647069030179e-01
-3.718592964824121161e-01 2.923359550953181230e-01
-3.517587939698492150e-01 2.932129515342371540e-01
-3.316582914572865359e-01 2.940550709172168320e-01
-3.115577889447236348e-01 2.948603918763807452e-01
-2.914572864321607337e-01 2.956269765468429456e-01
-2.713567839195980547e-01 2.963528921548564954e-01
-2.512562814070351536e-01 2.970362321254587656e-01
-2.311557788944722525e-01 2.976751364438435243e-01
-2.110552763819095734e-01 2.982678110446698727e-01
-1.909547738693466723e-01 2.988125460434573610e-01
-1.708542713567839932e-01 2.993077326627524015e-01
-1.507537688442210921e-01 2.997518787416549313e-01
-1.306532663316581910e-01 3.001436227496007692e-01
-1.105527638190955120e-01 3.004817462532579087e-01
-9.045226130653261087e-02 3.007651848084910706e-01
-7.035175879396993182e-02 3.009930372673743082e-01
-5.025125628140703071e-02 3.011645735031371340e-01
-3.015075376884412961e-02 3.012792405639906357e-01
-1.005025125628145055e-02 3.013366672704229088e-01
1.005025125628122851e-02 3.013366672704229088e-01
3.015075376884412961e-02 3.012792405639906357e-01
5.025125628140703071e-02 3.011645735031371340e-01
7.035175879396993182e-02 3.009930372673743082e-01
9.045226130653283292e-02 3.007651848084910706e-01
1.105527638190952899e-01 3.004817462532579087e-01
1.306532663316581910e-01 3.001436227496007692e-01
1.507537688442210921e-01 2.997518787416549313e-01
1.708542713567839932e-01 2.993077326627524015e-01
1.909547738693468943e-01 2.988125460434573610e-01
2.110552763819093514e-01 2.982678110446698172e-01
2.311557788944722525e-01 2.976751364438435243e-01
2.512562814070351536e-01 2.970362321254587656e-01
2.713567839195980547e-01 2.963528921548564954e-01
2.914572864321609558e-01 2.956269765468429456e-01
3.115577889447234128e-01 2.948603918763807452e-01
3.316582914572863139e-01 2.940550709172168875e-01
3.517587939698492150e-01 2.932129515342371540e-01
3.718592964824121161e-01 2.923359550953181230e-01
3.919597989949750172e-01 2.914259647069030179e-01
4.120603015075374742e-01 2.904848036128196975e-01
4.321608040201003753e-01 2.895142141262653790e-01
4.522613065326632764e-01 2.885158374886778176e-01
4.723618090452261775e-01 2.874911950647322523e-01
4.924623115577890786e-01 2.864416712883890992e-01
5.125628140703519797e-01 2.853684987693818620e-01
5.326633165829144367e-01 2.842727459516552480e-01
5.527638190954773378e-01 2.831553076841832328e-01
5.728643216080402389e-01 2.820168990198539949e-01
5.929648241206031400e-01 2.808580524996251437e-01
6.130653266331660411e-01 2.796791191073151328e-01
6.331658291457284982e-01 2.784802729960895173e-01
6.532663316582913993e-01 2.772615199922906504e-01
6.733668341708543004e-01 2.760227097776737359e-01
6.934673366834172015e-01 2.747635515397498507e-01
7.135678391959801026e-01 2.734836327647234833e-01
7.336683417085425596e-01 2.721824407317969263e-01
7.537688442211054607e-01 2.708593861551603088e-01
7.738693467336683618e-01 2.695138283148519331e-01
7.939698492462312629e-01 2.681451009241433980e-01
8.140703517587941640e-01 2.667525379035591837e-01
8.341708542713566210e-01 2.653354981744199814e-01
8.542713567839195221e-01 2.638933885520599043e-01
8.743718592964824232e-01 2.624256838144090609e-01
8.944723618090453243e-01 2.609319430487149760e-01
9.145728643216082254e-01 2.594118214403507428e-01
9.346733668341706824e-01 2.578650767645534470e-01
9.547738693467335835e-01 2.562915699750891729e-01
9.748743718592964846e-01 2.546912594524975981e-01
9.949748743718593857e-01 2.530641886765512827e-01
1.015075376884422287e+00 2.514104673190492023e-01
1.035175879396984744e+00 2.497302460085826514e-01
1.055276381909547645e+00 2.480236852911504031e-01
1.075376884422110546e+00 2.462909195903743020e-01
1.095477386934673447e+00 2.445320172476866671e-01
1.115577889447236348e+00 2.427469379836879326e-01
1.135678391959798805e+00 2.409354893528429242e-01
1.155778894472361706e+00 2.390972839495777158e-01
1.175879396984924607e+00 2.372316992485455078e-01
1.195979899497487509e+00 2.353378420089556056e-01
1.216080402010050410e+00 2.334145191262676500e-01
1.236180904522612867e+00 2.314602166591176458e-01
1.256281407035175768e+00 2.294730884818367012e-01
1.276381909547738669e+00 2.274509556030065438e-01
1.296482412060301570e+00 2.253913166417813585e-01
1.316582914572864471e+00 2.232913692650653203e-01
1.336683417085426928e+00 2.211480415653943321e-01
1.356783919597989829e+00 2.189580314147056284e-01
1.376884422110552730e+00 2.167178507854015390e-01
1.396984924623115631e+00 2.144238709198792170e-01
1.417085427135678533e+00 2.120723630970137996e-01
1.437185929648240990e+00 2.096595286449217943e-01
1.457286432160803891e+00 2.071815108516845416e-01
1.477386934673366792e+00 2.046343806087176365e-01
1.497487437185929693e+00 2.020140870733042604e-01
1.517587939698492594e+00 1.993163644505249188e-01
1.537688442211055495e+00 1.965365862616680337e-01
1.557788944723617952e+00 1.936695592646437980e-01
1.577889447236180853e+00 1.907092505710199504e-01
1.597989949748743754e+00 1.876484434581592031e-01
1.618090452261306655e+00 1.844783198039803285e-01
1.638190954773869557e+00 1.811879697234986819e-01
1.658291457286432014e+00 1.777638313627541156e-01
1.678391959798994915e+00 1.741890650182189582e-01
1.698492462311557816e+00 1.704428642813376749e-01
1.718592964824120717e+00 1.664997002156901329e-01
1.738693467336683618e+00 1.623284783982839041e-01
1.758793969849246075e+00 1.578915557658697455e-01
1.778894472361808976e+00 1.531435020213927634e-01
1.798994974874371877e+00 1.480293761874904301e-01
1.819095477386934778e+00 1.424820798667980337e-01
1.839195979899497679e+00 1.364179589771380985e-01
1.859296482412060136e+00 1.297290703579817850e-01
1.879396984924623037e+00 1.222689751683751630e-01
1.899497487437185939e+00 1.138254362372090323e-01
1.919597989949748840e+00 1.040646028766463727e-01
1.939698492462311741e+00 9.240507688743022918e-02
1.959798994974874198e+00 7.768045887489598289e-02
1.979899497487437099e+00 5.686590284350676733e-02
2.000000000000000000e+00 1.365068560214996478e-17
