-2.000000000000000000e+00 0.000000000000000000e+00
-2.000000000000000000e+00 5.000000000000000000e-01
-1.979899497487437099e+00 5.050251256281407253e-01
-1.959798994974874420e+00 5.100502512562814506e-01
-1.939698492462311519e+00 5.150753768844220648e-01
-1.919597989949748840e+00 5.201005025125627901e-01
-1.899497487437185939e+00 5.251256281407035154e-01
-1.879396984924623037e+00 5.301507537688442406e-01
-1.859296482412060358e+00 5.351758793969849659e-01
-1.839195979899497457e+00 5.402010050251255802e-01
-1.819095477386934778e+00 5.452261306532663054e-01
-1.798994974874371877e+00 5.502512562814070307e-01
-1.778894472361808976e+00 5.552763819095477560e-01
-1.758793969849246297e+00 5.603015075376884813e-01
-1.738693467336683396e+00 5.653266331658290955e-01
-1.718592964824120717e+00 5.703517587939698208e-01
-1.698492462311557816e+00 5.753768844221105461e-01
-1.678391959798994915e+00 5.804020100502512713e-01
-1.658291457286432236e+00 5.854271356783919966e-01
-1.638190954773869334e+00 5.904522613065326109e-01
-1.618090452261306655e+00 5.954773869346733361e-01
-1.597989949748743754e+00 6.005025125628140614e-01
-1.577889447236180853e+00 6.055276381909547867e-01
-1.557788944723617952e+00 6.105527638190955120e-01
-1.537688442211055273e+00 6.155778894472361262e-01
-1.517587939698492594e+00 6.206030150753768515e-01
-1.497487437185929693e+00 6.256281407035175768e-01
-1.477386934673366792e+00 6.306532663316583021e-01
-1.457286432160803891e+00 6.356783919597990273e-01
-1.437185929648241212e+00 6.407035175879396416e-01
-1.417085427135678533e+00 6.457286432160803669e-01
-1.396984924623115631e+00 6.507537688442210921e-01
-1.376884422110552730e+00 6.557788944723618174e-01
-1.356783919597989829e+00 6.608040201005025427e-01
-1.336683417085427150e+00 6.658291457286431569e-01
-1.316582914572864471e+00 6.708542713567838822e-01
-1.296482412060301570e+00 6.758793969849246075e-01
-1.276381909547738669e+00 6.809045226130653328e-01
-1.256281407035175768e+00 6.859296482412060580e-01
-1.236180904522613089e+00 6.909547738693466723e-01
-1.216080402010050410e+00 6.959798994974873976e-01
-1.195979899497487509e+00 7.010050251256281229e-01
-1.175879396984924607e+00 7.060301507537688481e-01
-1.155778894472361706e+00 7.110552763819095734e-01
-1.135678391959799027e+00 7.160804020100501877e-01
-1.115577889447236126e+00 7.211055276381910240e-01
-1.095477386934673447e+00 7.261306532663316382e-01
-1.075376884422110546e+00 7.311557788944723635e-01
-1.055276381909547645e+00 7.361809045226130888e-01
-1.035175879396984966e+00 7.412060301507537030e-01
-1.015075376884422065e+00 7.462311557788945393e-01
-9.949748743718593857e-01 7.512562814070351536e-01
-9.748743718592964846e-01 7.562814070351758788e-01
-9.547738693467335835e-01 7.613065326633166041e-01
-9.346733668341709045e-01 7.663316582914572184e-01
-9.145728643216080034e-01 7.713567839195980547e-01
-8.944723618090453243e-01 7.763819095477386689e-01
-8.743718592964824232e-01 7.814070351758793942e-01
-8.542713567839195221e-01 7.864321608040201195e-01
-8.341708542713568431e-01 7.914572864321607337e-01
-8.140703517587939420e-01 7.964824120603015700e-01
-7.939698492462312629e-01 8.015075376884421843e-01
-7.738693467336683618e-01 8.065326633165829096e-01
-7.537688442211054607e-01 8.115577889447236348e-01
-7.336683417085427816e-01 8.165829145728642491e-01
-7.135678391959798805e-01 8.216080402010050854e-01
-6.934673366834169794e-01 8.266331658291456996e-01
-6.733668341708543004e-01 8.316582914572864249e-01
-6.532663316582913993e-01 8.366834170854271502e-01
-6.331658291457287202e-01 8.417085427135677644e-01
-6.130653266331658191e-01 8.467336683417086007e-01
-5.929648241206029180e-01 8.517587939698492150e-01
-5.728643216080402389e-01 8.567839195979899403e-01
-5.527638190954773378e-01 8.618090452261306655e-01
-5.326633165829146588e-01 8.668341708542712798e-01
-5.125628140703517577e-01 8.718592964824121161e-01
-4.924623115577888566e-01 8.768844221105527303e-01
-4.723618090452261775e-01 8.819095477386934556e-01
-4.522613065326632764e-01 8.869346733668341809e-01
-4.321608040201005974e-01 8.919597989949747951e-01
-4.120603015075376963e-01 8.969849246231156314e-01
-3.919597989949747951e-01 9.020100502512562457e-01
-3.718592964824121161e-01 9.070351758793969710e-01
-3.517587939698492150e-01 9.120603015075376963e-01
-3.316582914572865359e-01 9.170854271356783105e-01
-3.115577889447236348e-01 9.221105527638191468e-01
-2.914572864321607337e-01 9.271356783919597611e-01
-2.713567839195980547e-01 9.321608040201004863e-01
-2.512562814070351536e-01 9.371859296482412116e-01
-2.311557788944722525e-01 9.422110552763819369e-01
-2.110552763819095734e-01 9.472361809045226622e-01
-1.909547738693466723e-01 9.522613065326632764e-01
-1.708542713567839932e-01 9.572864321608040017e-01
-1.507537688442210921e-01 9.623115577889447270e-01
-1.306532663316581910e-01 9.673366834170854522e-01
-1.105527638190955120e-01 9.723618090452261775e-01
-9.045226130653261087e-02 9.773869346733667918e-01
-7.035175879396993182e-02 9.824120603015075170e-01
-5.025125628140703071e-02 9.874371859296482423e-01
-3.015075376884412961e-02 9.924623115577889676e-01
-1.005025125628145055e-02 9.974874371859296929e-01
1.005025125628122851e-02 9.974874371859296929e-01
3.015075376884412961e-02 9.924623115577889676e-01
5.025125628140703071e-02 9.874371859296482423e-01
7.035175879396993182e-02 9.824120603015075170e-01
9.045226130653283292e-02 9.773869346733667918e-01
1.105527638190952899e-01 9.723618090452261775e-01
1.306532663316581910e-01 9.673366834170854522e-01
1.507537688442210921e-01 9.623115577889447270e-01
1.708542713567839932e-01 9.572864321608040017e-01
1.909547738693468943e-01 9.522613065326632764e-01
2.110552763819093514e-01 9.472361809045226622e-01
2.311557788944722525e-01 9.422110552763819369e-01
2.512562814070351536e-01 9.371859296482412116e-01
2.713567839195980547e-01 9.321608040201004863e-01
2.914572864321609558e-01 9.271356783919597611e-01
3.115577889447234128e-01 9.221105527638191468e-01
3.316582914572863139e-01 9.170854271356784215e-01
3.517587939698492150e-01 9.120603015075376963e-01
3.718592964824121161e-01 9.070351758793969710e-01
3.919597989949750172e-01 9.020100502512562457e-01
4.120603015075374742e-01 8.969849246231156314e-01
4.321608040201003753e-01 8.919597989949749062e-01
4.522613065326632764e-01 8.869346733668341809e-01
4.723618090452261775e-01 8.819095477386934556e-01
4.924623115577890786e-01 8.768844221105527303e-01
5.125628140703519797e-01 8.718592964824120051e-01
5.326633165829144367e-01 8.668341708542713908e-01
5.527638190954773378e-01 8.618090452261306655e-01
5.728643216080402389e-01 8.567839195979899403e-01
5.929648241206031400e-01 8.517587939698492150e-01
6.130653266331660411e-01 8.467336683417084897e-01
6.331658291457284982e-01 8.417085427135678755e-01
6.532663316582913993e-01 8.366834170854271502e-01
6.733668341708543004e-01 8.316582914572864249e-01
6.934673366834172015e-01 8.266331658291456996e-01
7.135678391959801026e-01 8.216080402010049744e-01
7.336683417085425596e-01 8.165829145728643601e-01
7.537688442211054607e-01 8.115577889447236348e-01
7.738693467336683618e-01 8.065326633165829096e-01
7.939698492462312629e-01 8.015075376884421843e-01
8.140703517587941640e-01 7.964824120603014590e-01
8.341708542713566210e-01 7.914572864321608447e-01
8.542713567839195221e-01 7.864321608040201195e-01
8.743718592964824232e-01 7.814070351758793942e-01
8.944723618090453243e-01 7.763819095477386689e-01
9.145728643216082254e-01 7.713567839195979436e-01
9.346733668341706824e-01 7.663316582914573294e-01
9.547738693467335835e-01 7.613065326633166041e-01
9.748743718592964846e-01 7.562814070351758788e-01
9.949748743718593857e-01 7.512562814070351536e-01
1.015075376884422287e+00 7.462311557788944283e-01
1.035175879396984744e+00 7.412060301507538140e-01
1.055276381909547645e+00 7.361809045226130888e-01
1.075376884422110546e+00 7.311557788944723635e-01
1.095477386934673447e+00 7.261306532663316382e-01
1.115577889447236348e+00 7.211055276381909129e-01
1.135678391959798805e+00 7.160804020100502987e-01
1.155778894472361706e+00 7.110552763819095734e-01
1.175879396984924607e+00 7.060301507537688481e-01
1.195979899497487509e+00 7.010050251256281229e-01
1.216080402010050410e+00 6.959798994974873976e-01
1.236180904522612867e+00 6.909547738693467833e-01
1.256281407035175768e+00 6.859296482412060580e-01
1.276381909547738669e+00 6.809045226130653328e-01
1.296482412060301570e+00 6.758793969849246075e-01
1.316582914572864471e+00 6.708542713567838822e-01
1.336683417085426928e+00 6.658291457286432680e-01
1.356783919597989829e+00 6.608040201005025427e-01
1.376884422110552730e+00 6.557788944723618174e-01
1.396984924623115631e+00 6.507537688442210921e-01
1.417085427135678533e+00 6.457286432160803669e-01
1.437185929648240990e+00 6.407035175879397526e-01
1.457286432160803891e+00 6.356783919597990273e-01
1.477386934673366792e+00 6.306532663316583021e-01
1.497487437185929693e+00 6.256281407035175768e-01
1.517587939698492594e+00 6.206030150753768515e-01
1.537688442211055495e+00 6.155778894472361262e-01
1.557788944723617952e+00 6.105527638190955120e-01
1.577889447236180853e+00 6.055276381909547867e-01
1.597989949748743754e+00 6.005025125628140614e-01
1.618090452261306655e+00 5.954773869346733361e-01
1.638190954773869557e+00 5.904522613065326109e-01
1.658291457286432014e+00 5.854271356783919966e-01
1.678391959798994915e+00 5.804020100502512713e-01
1.698492462311557816e+00 5.753768844221105461e-01
1.718592964824120717e+00 5.703517587939698208e-01
1.738693467336683618e+00 5.653266331658290955e-01
1.758793969849246075e+00 5.603015075376884813e-01
1.778894472361808976e+00 5.552763819095477560e-01
1.798994974874371877e+00 5.502512562814070307e-01
1.819095477386934778e+00 5.452261306532663054e-01
1.839195979899497679e+00 5.402010050251255802e-01
1.859296482412060136e+00 5.351758793969849659e-01
1.879396984924623037e+00 5.301507537688442406e-01
1.899497487437185939e+00 5.251256281407035154e-01
1.919597989949748840e+00 5.201005025125627901e-01
1.939698492462311741e+00 5.150753768844220648e-01
1.959798994974874198e+00 5.100502512562814506e-01
1.979899497487437099e+00 5.050251256281407253e-01
2.000000000000000000e+00 5.000000000000000000e-01
2.000000000000000000e+00 0.000000000000000000e+00
-2.000000000000000000e+00 0.000000000000000000e+00
