-6.000000000000000000e+00 -4.260037987258386005e-01
-5.000000000000000000e+00 -3.163415276026235179e-01
-4.000000000000000000e+00 -2.066792564794084353e-01
-3.000000000000000000e+00 -9.701698535619336650e-02
-2.000000000000000000e+00 1.264528576702170400e-02
-1.000000000000000000e+00 1.223075568902368127e-01
0.000000000000000000e+00 2.319698280134518953e-01
1.000000000000000000e+00 3.416320991366669779e-01
2.000000000000000000e+00 4.512943702598821161e-01
3.000000000000000000e+00 5.609566413830971987e-01
4.000000000000000000e+00 6.706189125063122258e-01
5.000000000000000000e+00 7.802811836295273640e-01
6.000000000000000000e+00 8.899434547527423911e-01
7.000000000000000000e+00 9.996057258759576403e-01
8.000000000000000000e+00 1.109267996999172556e+00
9.000000000000000000e+00 1.218930268122387472e+00
1.000000000000000000e+01 1.328592539245602611e+00
