-6.000000000000000000e+00 -5.247656480833796933e-02
-5.000000000000000000e+00 -5.247656480833796933e-02
-4.000000000000000000e+00 -5.247656480833796933e-02
-3.000000000000000000e+00 -5.247656480833796933e-02
-2.000000000000000000e+00 -5.247656480833796933e-02
-1.000000000000000000e+00 -5.247656480833796933e-02
0.000000000000000000e+00 -5.247656480833796933e-02
1.000000000000000000e+00 -5.247656480833796933e-02
2.000000000000000000e+00 -5.247656480833796933e-02
3.000000000000000000e+00 -5.247656480833796933e-02
4.000000000000000000e+00 -5.247656480833796933e-02
5.000000000000000000e+00 -5.247656480833796933e-02
6.000000000000000000e+00 -5.247656480833796933e-02
7.000000000000000000e+00 -5.247656480833796933e-02
8.000000000000000000e+00 -5.247656480833796933e-02
9.000000000000000000e+00 -5.247656480833796933e-02
1.000000000000000000e+01 -5.247656480833796933e-02
