2.517288084074031929e-04 -4.852475523244038413e+00
1.006661764057781294e-03 -2.415041242108639352e+00
2.264038713457705576e-03 -1.597713880540259535e+00
4.022593584602329742e-03 -1.185399653162418243e+00
6.280555661802800227e-03 -9.351248019774520692e-01
9.035651368646646642e-03 -7.659556405997287598e-01
1.228510655729647683e-02 -6.431506218471921832e-01
1.602564930182182046e-02 -5.493048867700456306e-01
2.025351319275126016e-02 -4.748213094677522506e-01
2.496444112952733718e-02 -4.139728872813750460e-01
3.015368960704578605e-02 -3.630435038819710414e-01
3.581603349196366137e-02 -3.195378262280385573e-01
4.194577128396520527e-02 -2.818104690520835676e-01
4.853673085668941400e-02 -2.487033909016243827e-01
5.558227567253826162e-02 -2.192854336302414997e-01
6.307531146510747533e-02 -1.928505319730801082e-01
7.100829338251141154e-02 -1.689495844030826643e-01
7.937323358440939725e-02 -1.472403784994804066e-01
8.816170928508360038e-02 -1.273606293355600272e-01
9.736487123447062908e-02 -1.090214436476044102e-01
1.069734526286063026e-01 -9.209027795539671823e-02
1.169777784405109378e-01 -7.645667304230030492e-02
1.273677751621226095e-01 -6.192462257676319831e-02
1.381329809474648451e-01 -4.834066017520315117e-02
1.492625561468393647e-01 -3.569186230290857798e-02
1.607452942214338543e-01 -2.395555825341141518e-02
1.725696330273573942e-01 -1.298981579853468113e-02
1.847236664577387999e-01 -2.693843731882203298e-03
1.971951564311666405e-01 6.880550612808006630e-03
2.099715452144008676e-01 1.571231072743561538e-02
2.230399680669447604e-01 2.393396896912755242e-02
2.363872661947486464e-01 3.162456178639674181e-02
2.499999999999997780e-01 3.867495160448369135e-02
2.638644626136583682e-01 4.503016031627341681e-02
2.779666936971130209e-01 5.084425884668122148e-02
2.922924934990568380e-01 5.618777126088880108e-02
3.068274371534356337e-01 6.085687285541312164e-02
3.215568892040640003e-01 6.473872243234163326e-02
3.364660183412890859e-01 6.806048550635808436e-02
3.515398123358624005e-01 7.086997215757584456e-02
3.667630931549822337e-01 7.255957225412690281e-02
3.821205322452865261e-01 7.252774438028951332e-02
3.975966659674047277e-01 7.126386242535646953e-02
4.131759111665348483e-01 7.016061502381407133e-02
4.288425808633573588e-01 7.011547425854670890e-02
4.445809000494944097e-01 7.081250955847667727e-02
4.603750215716055916e-01 7.152666100869803367e-02
4.762090420881286423e-01 7.208802898086132116e-02
4.920670180825961748e-01 7.273536053549949087e-02
5.079329819174041027e-01 7.348068566829324411e-02
5.237909579118711356e-01 7.410211992599563535e-02
5.396249784283941864e-01 7.455594585171178290e-02
5.554190999505054238e-01 7.498298312844577096e-02
5.711574191366424191e-01 7.539317862434516404e-02
5.868240888334650407e-01 7.565792390688753921e-02
6.024033340325950503e-01 7.576149550337940575e-02
6.178794677547136960e-01 7.580367648450253570e-02
6.332369068450175442e-01 7.578917706797021203e-02
6.484601876641370444e-01 7.562827760070692240e-02
6.635339816587108031e-01 7.531702064771886307e-02
6.784431107959358886e-01 7.493277453942789879e-02
6.931725628465641442e-01 7.447635877522684744e-02
7.077075065009430510e-01 7.387935328633300769e-02
7.220333063028867571e-01 7.314426693094701337e-02
7.361355373863414098e-01 7.233446531313698913e-02
7.499999999999996669e-01 7.144797983546727349e-02
7.636127338052511870e-01 7.042983768342407636e-02
7.769600319330550731e-01 6.928670496888603147e-02
7.900284547855989103e-01 6.807246339234958310e-02
8.028048435688331930e-01 6.678308792869468158e-02
8.152763335422610336e-01 6.537286234147428321e-02
8.274303669726426058e-01 6.385141822344488072e-02
8.392547057785657572e-01 6.226586404722994628e-02
8.507374438531606353e-01 6.061059941857535605e-02
8.618670190525350439e-01 5.884664586367353151e-02
8.726322248378772795e-01 5.698590484619391744e-02
8.830222215594889512e-01 5.507047536840194851e-02
8.930265473713936419e-01 5.309351136620311246e-02
9.026351287655294264e-01 5.102111255713270149e-02
9.118382907149161776e-01 4.886699295807961363e-02
9.206267664155906028e-01 4.666947957691702092e-02
9.289917066174885329e-01 4.442073815011316623e-02
9.369246885348924136e-01 4.209075453548064005e-02
9.444177243274616274e-01 3.969469896792847396e-02
9.514632691433104750e-01 3.726808887036054535e-02
9.580542287160349613e-01 3.480238101792480082e-02
9.641839665080361721e-01 3.227049269133656917e-02
9.698463103929542140e-01 2.968867510513622729e-02
9.750355588704725518e-01 2.709055498459585903e-02
9.797464868072487398e-01 2.446739118031386259e-02
9.839743506981781795e-01 2.179411269018260641e-02
9.877148934427034677e-01 1.908741991469410995e-02
9.909643486313534089e-01 1.638042817400839346e-02
9.937194443381971443e-01 1.366583216080452176e-02
9.959774064153976703e-01 1.091935447324448964e-02
9.977359612865421834e-01 8.156192713725654575e-03
9.989933382359421632e-01 5.414153929448529100e-03
9.997482711915925968e-01 2.701266924717245395e-03
