2.517288084074031929e-04 1.054623213874063126e+01
1.006661764057781294e-03 5.282373951707111992e+00
2.264038713457705576e-03 3.531741918074575715e+00
4.022593584602329742e-03 2.659429692879719198e+00
6.280555661802800227e-03 2.138410903593357837e+00
9.035651368646646642e-03 1.792952439157409650e+00
1.228510655729647683e-02 1.547795715663423222e+00
1.602564930182182046e-02 1.365345460593803573e+00
2.025351319275126016e-02 1.224643112385445543e+00
2.496444112952733718e-02 1.113082207950895075e+00
3.015368960704578605e-02 1.022712063969568375e+00
3.581603349196366137e-02 9.482501020870663933e-01
4.194577128396520527e-02 8.859569578667936263e-01
4.853673085668941400e-02 8.331443838273664415e-01
5.558227567253826162e-02 7.879228893710460424e-01
6.307531146510747533e-02 7.488830183191210743e-01
7.100829338251141154e-02 7.148560873375268132e-01
7.937323358440939725e-02 6.849260000653291103e-01
8.816170928508360038e-02 6.584616094119676299e-01
9.736487123447062908e-02 6.349570338450621909e-01
1.069734526286063026e-01 6.139013995739769358e-01
1.169777784405109378e-01 5.948787062692265648e-01
1.273677751621226095e-01 5.776500324801999708e-01
1.381329809474648451e-01 5.620063790808231818e-01
1.492625561468393647e-01 5.476561735345503168e-01
1.607452942214338543e-01 5.343644115607175671e-01
1.725696330273573942e-01 5.220535005221016434e-01
1.847236664577387999e-01 5.106360439623954806e-01
1.971951564311666405e-01 4.998979807183371316e-01
2.099715452144008676e-01 4.896776115699957854e-01
2.230399680669447604e-01 4.799849511996355789e-01
2.363872661947486464e-01 4.707918109574115162e-01
2.499999999999997780e-01 4.618948032591346786e-01
2.638644626136583682e-01 4.531557665380009925e-01
2.779666936971130209e-01 4.446550734278097439e-01
2.922924934990568380e-01 4.363977170332844491e-01
3.068274371534356337e-01 4.281214048662190241e-01
3.215568892040640003e-01 4.196609612843766324e-01
3.364660183412890859e-01 4.111965638938716583e-01
3.515398123358624005e-01 4.027337125968806220e-01
3.667630931549822337e-01 3.936265938615653437e-01
3.821205322452865261e-01 3.832390802404001540e-01
3.975966659674047277e-01 3.720291558168300483e-01
4.131759111665348483e-01 3.613609519091750544e-01
4.288425808633573588e-01 3.521059005127711306e-01
4.445809000494944097e-01 3.439242740341375004e-01
4.603750215716055916e-01 3.360692194133352295e-01
4.762090420881286423e-01 3.283508384406302882e-01
4.920670180825961748e-01 3.209894904503842739e-01
5.079329819174041027e-01 3.139802668783418516e-01
5.237909579118711356e-01 3.070856511846274395e-01
5.396249784283941864e-01 3.002474740438289547e-01
5.554190999505054238e-01 2.935931714988398999e-01
5.711574191366424191e-01 2.871202754314144956e-01
5.868240888334650407e-01 2.806886423352779047e-01
6.024033340325950503e-01 2.742718143136134712e-01
6.178794677547136960e-01 2.679595697122779674e-01
6.332369068450175442e-01 2.617472800811003197e-01
6.484601876641370444e-01 2.555364959530959656e-01
6.635339816587108031e-01 2.493150874169273723e-01
6.784431107959358886e-01 2.431527611801792832e-01
6.931725628465641442e-01 2.370431439513086824e-01
7.077075065009430510e-01 2.309110536457338603e-01
7.220333063028867571e-01 2.247526333535383170e-01
7.361355373863414098e-01 2.186252477781759074e-01
7.499999999999996669e-01 2.125212637203511001e-01
7.636127338052511870e-01 2.063803540092564448e-01
7.769600319330550731e-01 2.002041168472303567e-01
7.900284547855989103e-01 1.940416306964924953e-01
8.028048435688331930e-01 1.878843120079635165e-01
8.152763335422610336e-01 1.816821124152850075e-01
8.274303669726426058e-01 1.754405409299424901e-01
8.392547057785657572e-01 1.692027774771247828e-01
8.507374438531606353e-01 1.629594728359373412e-01
8.618670190525350439e-01 1.566680662001618540e-01
8.726322248378772795e-01 1.503370309518357040e-01
8.830222215594889512e-01 1.440051809092065260e-01
8.930265473713936419e-01 1.376625171753556587e-01
9.026351287655294264e-01 1.312721091711891164e-01
9.118382907149161776e-01 1.248447540015377583e-01
9.206267664155906028e-01 1.184159665969342912e-01
9.289917066174885329e-01 1.119751974472672079e-01
9.369246885348924136e-01 1.054898064856522738e-01
9.444177243274616274e-01 9.897242028409614090e-02
9.514632691433104750e-01 9.245608821079581707e-02
9.580542287160349613e-01 8.592986830854458524e-02
9.641839665080361721e-01 7.936434249438935329e-02
9.698463103929542140e-01 7.277348433362160196e-02
9.750355588704725518e-01 6.618869523153547707e-02
9.797464868072487398e-01 5.959905590389129315e-02
9.839743506981781795e-01 5.297735946962651293e-02
9.877148934427034677e-01 4.633820796732741887e-02
9.909643486313534089e-01 3.971265130093724893e-02
9.937194443381971443e-01 3.309134726706447482e-02
9.959774064153976703e-01 2.644800578767933508e-02
9.977359612865421834e-01 1.979583181429440952e-02
9.989933382359421632e-01 1.317065566085630704e-02
9.997482711915925968e-01 6.578541277135183107e-03
