2.517288084074031929e-04 -1.365173704437811253e+01
1.006661764057781294e-03 -6.813564210003345778e+00
2.264038713457705576e-03 -4.528831479748735234e+00
4.022593584602329742e-03 -3.382444993757924845e+00
6.280555661802800227e-03 -2.691430919446486936e+00
9.035651368646646642e-03 -2.228188829032379470e+00
1.228510655729647683e-02 -1.895119957567543478e+00
1.602564930182182046e-02 -1.643390799549386827e+00
2.025351319275126016e-02 -1.445943836241007974e+00
2.496444112952733718e-02 -1.286575798842673368e+00
3.015368960704578605e-02 -1.154903828368564200e+00
3.581603349196366137e-02 -1.043988070979526617e+00
4.194577128396520527e-02 -9.491061415771564480e-01
4.853673085668941400e-02 -8.669021193181903895e-01
5.558227567253826162e-02 -7.948330467738341509e-01
6.307531146510747533e-02 -7.309839892829097519e-01
7.100829338251141154e-02 -6.739813968262884369e-01
7.937323358440939725e-02 -6.227640233936566627e-01
8.816170928508360038e-02 -5.764019086198617359e-01
9.736487123447062908e-02 -5.341520022148419367e-01
1.069734526286063026e-01 -4.955140936864674273e-01
1.169777784405109378e-01 -4.600768897917441036e-01
1.273677751621226095e-01 -4.273958540378849924e-01
1.381329809474648451e-01 -3.971103968929323158e-01
1.492625561468393647e-01 -3.690335970671708710e-01
1.607452942214338543e-01 -3.429955410043420416e-01
1.725696330273573942e-01 -3.187288536960413143e-01
1.847236664577387999e-01 -2.960252081286124937e-01
1.971951564311666405e-01 -2.748436951617799773e-01
2.099715452144008676e-01 -2.551250040397412544e-01
2.230399680669447604e-01 -2.366665923054484255e-01
2.363872661947486464e-01 -2.193281520256117334e-01
2.499999999999997780e-01 -2.031649636267453818e-01
2.638644626136583682e-01 -1.881844718104281333e-01
2.779666936971130209e-01 -1.741904923425350582e-01
2.922924934990568380e-01 -1.610750548947659788e-01
3.068274371534356337e-01 -1.490085740079044874e-01
3.215568892040640003e-01 -1.380739854831067870e-01
3.364660183412890859e-01 -1.280172735722208688e-01
3.515398123358624005e-01 -1.187664509505983595e-01
3.667630931549822337e-01 -1.109072972358378928e-01
3.821205322452865261e-01 -1.050215903969164838e-01
3.975966659674047277e-01 -1.006020195126283573e-01
4.131759111665348483e-01 -9.623957748210648644e-02
4.288425808633573588e-01 -9.102191217243855992e-02
4.445809000494944097e-01 -8.525135585618651146e-02
4.603750215716055916e-01 -7.964051522252309223e-02
4.762090420881286423e-01 -7.434786213900659857e-02
4.920670180825961748e-01 -6.912414227300621439e-02
5.079329819174041027e-01 -6.394764645173452167e-02
5.237909579118711356e-01 -5.903132650750834293e-02
5.396249784283941864e-01 -5.441064168664079548e-02
5.554190999505054238e-01 -4.993712451177942380e-02
5.711574191366424191e-01 -4.559373383683731906e-02
5.868240888334650407e-01 -4.150248662362127777e-02
6.024033340325950503e-01 -3.767297238818272803e-02
6.178794677547136960e-01 -3.399969107422620707e-02
6.332369068450175442e-01 -3.047259608238984258e-02
6.484601876641370444e-01 -2.717641860065812820e-02
6.635339816587108031e-01 -2.411044607754309066e-02
6.784431107959358886e-01 -2.119293211243001088e-02
6.931725628465641442e-01 -1.841894703967703398e-02
7.077075065009430510e-01 -1.585304691903881638e-02
7.220333063028867571e-01 -1.348908531053373203e-02
7.361355373863414098e-01 -1.126026752402803366e-02
7.499999999999996669e-01 -9.165325241609111398e-03
7.636127338052511870e-01 -7.256171645622884643e-03
7.769600319330550731e-01 -5.523244675882116837e-03
7.900284547855989103e-01 -3.909917924303588262e-03
8.028048435688331930e-01 -2.417611545173136735e-03
8.152763335422610336e-01 -1.089566272131792073e-03
8.274303669726426058e-01 8.620524830345493766e-05
8.392547057785657572e-01 1.159056373004377707e-03
8.507374438531606353e-01 2.125528894368531718e-03
8.618670190525350439e-01 2.948691385680156461e-03
8.726322248378772795e-01 3.642404214398627452e-03
8.830222215594889512e-01 4.250643630799410232e-03
8.930265473713936419e-01 4.768365189544589329e-03
9.026351287655294264e-01 5.163400206243257129e-03
9.118382907149161776e-01 5.451129504674990037e-03
9.206267664155906028e-01 5.671486994050008862e-03
9.289917066174885329e-01 5.818189980310853847e-03
9.369246885348924136e-01 5.862724849668238258e-03
9.444177243274616274e-01 5.821715358689794756e-03
9.514632691433104750e-01 5.732089247254655226e-03
9.580542287160349613e-01 5.586673994713449096e-03
9.641839665080361721e-01 5.359721375306427879e-03
9.698463103929542140e-01 5.068784117430344752e-03
9.750355588704725518e-01 4.748760557773209004e-03
9.797464868072487398e-01 4.392154195412455858e-03
9.839743506981781795e-01 3.975114530500388488e-03
9.877148934427034677e-01 3.515541027475078701e-03
9.909643486313534089e-01 3.047729244334739830e-03
9.937194443381971443e-01 2.565537814370267948e-03
9.959774064153976703e-01 2.045839436424583355e-03
9.977359612865421834e-01 1.504970370543503655e-03
9.989933382359421632e-01 9.818672257869431614e-04
9.997482711915925968e-01 4.856815804784254324e-04
