2.517288084074031929e-04 -2.652660142960512335e+00
1.006661764057781294e-03 -1.315410500134961191e+00
2.264038713457705576e-03 -8.649344807381400546e-01
4.022593584602329742e-03 -6.361383180135405935e-01
6.280555661802800227e-03 -4.960482726101936302e-01
9.035651368646646642e-03 -4.003973434915661933e-01
1.228510655729647683e-02 -3.301582879171041096e-01
1.602564930182182046e-02 -2.757834085752098319e-01
2.025351319275126016e-02 -2.320406777744384308e-01
2.496444112952733718e-02 -1.958221593910506042e-01
3.015368960704578605e-02 -1.650784227603225296e-01
3.581603349196366137e-02 -1.384252650401663343e-01
4.194577128396520527e-02 -1.149865509208152642e-01
4.853673085668941400e-02 -9.415370879748274913e-02
5.558227567253826162e-02 -7.539853034434325363e-02
6.307531146510747533e-02 -5.831716764562275279e-02
7.100829338251141154e-02 -4.269163129728120731e-02
7.937323358440939725e-02 -2.835946727593609273e-02
8.816170928508360038e-02 -1.510030951448468328e-02
9.736487123447062908e-02 -2.738804005794959629e-03
1.069734526286063026e-01 8.765675977370913918e-03
1.169777784405109378e-01 1.944838114506063087e-02
1.273677751621226095e-01 2.944318528851732827e-02
1.381329809474648451e-01 3.885177400422917815e-02
1.492625561468393647e-01 4.764357138815705772e-02
1.607452942214338543e-01 5.580443743432129261e-02
1.725696330273573942e-01 6.344494367584196937e-02
1.847236664577387999e-01 7.063899736730036572e-02
1.971951564311666405e-01 7.731161205645498136e-02
2.099715452144008676e-01 8.342163941922990655e-02
2.230399680669447604e-01 8.908410928777162063e-02
2.363872661947486464e-01 9.436274023939886235e-02
2.499999999999997780e-01 9.913493041229104463e-02
2.638644626136583682e-01 1.033338183479488442e-01
2.779666936971130209e-01 1.071029466439853001e-01
2.922924934990568380e-01 1.105034777998024631e-01
3.068274371534356337e-01 1.133232345712425343e-01
3.215568892040640003e-01 1.154418994112037522e-01
3.364660183412890859e-01 1.170799252760028747e-01
3.515398123358624005e-01 1.182790779346194060e-01
3.667630931549822337e-01 1.184262896266181087e-01
3.821205322452865261e-01 1.169150780745910195e-01
3.975966659674047277e-01 1.142303329098526971e-01
4.131759111665348483e-01 1.117606631502942038e-01
4.288425808633573588e-01 1.103998208662930608e-01
4.445809000494944097e-01 1.098284759121425092e-01
4.603750215716055916e-01 1.093184550665033256e-01
4.762090420881286423e-01 1.086970017608283184e-01
4.920670180825961748e-01 1.082002362376259241e-01
5.079329819174041027e-01 1.078377686983001960e-01
5.237909579118711356e-01 1.073854815343716074e-01
5.396249784283941864e-01 1.067975927362999483e-01
5.554190999505054238e-01 1.062130100385021009e-01
5.711574191366424191e-01 1.056399067396408126e-01
5.868240888334650407e-01 1.049480265395147521e-01
6.024033340325950503e-01 1.041201124762699409e-01
6.178794677547136960e-01 1.032545183741847283e-01
6.332369068450175442e-01 1.023546203555602274e-01
6.484601876641370444e-01 1.013294516510481885e-01
6.635339816587108031e-01 1.001738873290343584e-01
6.784431107959358886e-01 9.896420120239238227e-02
6.931725628465641442e-01 9.770018522895282387e-02
7.077075065009430510e-01 9.631245333767600447e-02
7.220333063028867571e-01 9.480260499131720753e-02
7.361355373863414098e-01 9.323314852242825523e-02
7.499999999999996669e-01 9.160130610473640744e-02
7.636127338052511870e-01 8.985134001568582940e-02
7.769600319330550731e-01 8.798919238007807397e-02
7.900284547855989103e-01 8.606805872151288006e-02
8.028048435688331930e-01 8.408326279716166196e-02
8.152763335422610336e-01 8.198846949487580138e-02
8.274303669726426058e-01 7.979272146723025150e-02
8.392547057785657572e-01 7.754256596578633365e-02
8.507374438531606353e-01 7.523186704962712967e-02
8.618670190525350439e-01 7.282113448317184545e-02
8.726322248378772795e-01 7.032178000414272823e-02
8.830222215594889512e-01 6.777543330280261236e-02
8.930265473713936419e-01 6.517479791036771830e-02
9.026351287655294264e-01 6.248554064485505738e-02
9.118382907149161776e-01 5.972095882143077517e-02
9.206267664155906028e-01 5.691897772263377481e-02
9.289917066174885329e-01 5.407137519256375452e-02
9.369246885348924136e-01 5.114776195693374050e-02
9.444177243274616274e-01 4.816294487023814463e-02
9.514632691433104750e-01 4.515208877613701571e-02
9.580542287160349613e-01 4.210630777372762618e-02
9.641839665080361721e-01 3.899818552034410579e-02
9.698463103929542140e-01 3.584364785206271137e-02
9.750355588704725518e-01 3.267600359130152371e-02
9.797464868072487398e-01 2.948620042653921428e-02
9.839743506981781795e-01 2.624886223010316696e-02
9.877148934427034677e-01 2.298038963649886787e-02
9.909643486313534089e-01 1.971360290642680535e-02
9.937194443381971443e-01 1.644090574741308500e-02
9.959774064153976703e-01 1.313773323244946979e-02
9.977359612865421834e-01 9.818998299521191492e-03
9.989933382359421632e-01 6.522225605363926072e-03
9.997482711915925968e-01 3.255163260776950535e-03
