2.517288084074031929e-04 1.274604751902415245e+01
1.006661764057781294e-03 6.382004693680790375e+00
2.264038713457705576e-03 4.264521317876696749e+00
4.022593584602329742e-03 3.208691028028595849e+00
6.280555661802800227e-03 2.577487432960616331e+00
9.035651368646646642e-03 2.158510736265572660e+00
1.228510655729647683e-02 1.860788049593510962e+00
1.602564930182182046e-02 1.638866938788638983e+00
2.025351319275126016e-02 1.467423744078759418e+00
2.496444112952733718e-02 1.331232935841219378e+00
3.015368960704578605e-02 1.220677145091216831e+00
3.581603349196366137e-02 1.129362663274939393e+00
4.194577128396520527e-02 1.052780875998062582e+00
4.853673085668941400e-02 9.876940659315079918e-01
5.558227567253826162e-02 9.318097926569441913e-01
6.307531146510747533e-02 8.834163826465784020e-01
7.100829338251141154e-02 8.411140404433281592e-01
7.937323358440939725e-02 8.038069112888732715e-01
8.816170928508360038e-02 7.707219292330430571e-01
9.736487123447062908e-02 7.412396734868716974e-01
1.069734526286063026e-01 7.147573535067446304e-01
1.169777784405109378e-01 6.907837604565875145e-01
1.273677751621226095e-01 6.690178403454803968e-01
1.381329809474648451e-01 6.491988132602555250e-01
1.492625561468393647e-01 6.309916072256159802e-01
1.607452942214338543e-01 6.141244072484501881e-01
1.725696330273573942e-01 5.984882599964782557e-01
1.847236664577387999e-01 5.839688850615780691e-01
1.971951564311666405e-01 5.703290421619837680e-01
2.099715452144008676e-01 5.573869402617900315e-01
2.230399680669447604e-01 5.451350915182796575e-01
2.363872661947486464e-01 5.335299894104135188e-01
2.499999999999997780e-01 5.223547820669421915e-01
2.638644626136583682e-01 5.114594245696768571e-01
2.779666936971130209e-01 5.009137612251141070e-01
2.922924934990568380e-01 4.907134235721981597e-01
3.068274371534356337e-01 4.805877665820484368e-01
3.215568892040640003e-01 4.703641382632388068e-01
3.364660183412890859e-01 4.602160036635164486e-01
3.515398123358624005e-01 4.501428183739241695e-01
3.667630931549822337e-01 4.394933112340564940e-01
3.821205322452865261e-01 4.276264139347016324e-01
3.975966659674047277e-01 4.149956263013262481e-01
4.131759111665348483e-01 4.029610000356551591e-01
4.288425808633573588e-01 3.923902471205175102e-01
4.445809000494944097e-01 3.829402403878032768e-01
4.603750215716055916e-01 3.738610134711405353e-01
4.762090420881286423e-01 3.649598112205972855e-01
4.920670180825961748e-01 3.564543661525106932e-01
5.079329819174041027e-01 3.483373499083488034e-01
5.237909579118711356e-01 3.403690127930034670e-01
5.396249784283941864e-01 3.324891209284170923e-01
5.554190999505054238e-01 3.248231984088962299e-01
5.711574191366424191e-01 3.173670035467101580e-01
5.868240888334650407e-01 3.099787449679051177e-01
6.024033340325950503e-01 3.026304312865040202e-01
6.178794677547136960e-01 2.954104116019601878e-01
6.332369068450175442e-01 2.883127233686903490e-01
6.484601876641370444e-01 2.812376700034372456e-01
6.635339816587108031e-01 2.741719540982427428e-01
6.784431107959358886e-01 2.671841878431440720e-01
6.931725628465641442e-01 2.602669704050347699e-01
7.077075065009430510e-01 2.533441536970768571e-01
7.220333063028867571e-01 2.464109714139084695e-01
7.361355373863414098e-01 2.395239309874671874e-01
7.499999999999996669e-01 2.326745899896201786e-01
7.636127338052511870e-01 2.258018563415181978e-01
7.769600319330550731e-01 2.189066042584224270e-01
7.900284547855989103e-01 2.120372260256558061e-01
8.028048435688331930e-01 2.051844868764304830e-01
8.152763335422610336e-01 1.982977195686865257e-01
8.274303669726426058e-01 1.913818441737278331e-01
8.392547057785657572e-01 1.844794793956811840e-01
8.507374438531606353e-01 1.775807404669890455e-01
8.618670190525350439e-01 1.706425548196601749e-01
8.726322248378772795e-01 1.636729061097845217e-01
8.830222215594889512e-01 1.567101388436071829e-01
8.930265473713936419e-01 1.497438037195202853e-01
9.026351287655294264e-01 1.427365372589114723e-01
9.118382907149161776e-01 1.356987198648888227e-01
9.206267664155906028e-01 1.286654647426509479e-01
9.289917066174885329e-01 1.216258344897177684e-01
9.369246885348924136e-01 1.145468139071053881e-01
9.444177243274616274e-01 1.074406661864057977e-01
9.514632691433104750e-01 1.003400881165722874e-01
9.580542287160349613e-01 9.323379506434741060e-02
9.641839665080361721e-01 8.609203532339688991e-02
9.698463103929542140e-01 7.892845708054807563e-02
9.750355588704725518e-01 7.177414383824114175e-02
9.797464868072487398e-01 6.461786515011666565e-02
9.839743506981781795e-01 5.743210900954707349e-02
9.877148934427034677e-01 5.023117768913217679e-02
9.909643486313534089e-01 4.304582603335566082e-02
9.937194443381971443e-01 3.586642085367303806e-02
9.959774064153976703e-01 2.866638454688431176e-02
9.977359612865421834e-01 2.145863740008994991e-02
9.989933382359421632e-01 1.427872733677170228e-02
9.997482711915925968e-01 7.132437613194889114e-03
