2.517288084074031929e-04 3.946785997890053910e+00
1.006661764057781294e-03 1.983481725786072625e+00
2.264038713457705576e-03 1.333403718668217941e+00
4.022593584602329742e-03 1.011645687433088803e+00
6.280555661802800227e-03 8.211813154915824642e-01
9.035651368646646642e-03 6.962775478329219503e-01
1.228510655729647683e-02 6.088187138731594450e-01
1.602564930182182046e-02 5.447810260092964540e-01
2.025351319275126016e-02 4.963012173055036391e-01
2.496444112952733718e-02 4.586300242799224991e-01
3.015368960704578605e-02 4.288168206046226727e-01
3.581603349196366137e-02 4.049124185234501128e-01
4.194577128396520527e-02 3.854852034729892574e-01
4.853673085668941400e-02 3.694953375149418462e-01
5.558227567253826162e-02 3.562621795133514291e-01
6.307531146510747533e-02 3.452829253367493689e-01
7.100829338251141154e-02 3.360822280201232193e-01
7.937323358440939725e-02 3.282832663946964047e-01
8.816170928508360038e-02 3.216806499487414595e-01
9.736487123447062908e-02 3.161091149196333938e-01
1.069734526286063026e-01 3.113335377756737410e-01
1.169777784405109378e-01 3.071635437071433272e-01
1.273677751621226095e-01 3.035466088843586374e-01
1.381329809474648451e-01 3.004290765425262077e-01
1.492625561468393647e-01 2.976498724613540481e-01
1.607452942214338543e-01 2.950844244975194819e-01
1.725696330273573942e-01 2.927492220989716953e-01
1.847236664577387999e-01 2.906375206648478815e-01
1.971951564311666405e-01 2.886047963873960009e-01
2.099715452144008676e-01 2.865496254946128807e-01
2.230399680669447604e-01 2.845345302437036206e-01
2.363872661947486464e-01 2.825772755984051754e-01
2.499999999999997780e-01 2.805148668357127506e-01
2.638644626136583682e-01 2.782447924429747865e-01
2.779666936971130209e-01 2.758790100358975428e-01
2.922924934990568380e-01 2.734505974165433728e-01
3.068274371534356337e-01 2.707223197187307862e-01
3.215568892040640003e-01 2.675514303477902756e-01
3.364660183412890859e-01 2.641382445849373428e-01
3.515398123358624005e-01 2.605063952657499793e-01
3.667630931549822337e-01 2.560264417440917262e-01
3.821205322452865261e-01 2.500770791574954410e-01
3.975966659674047277e-01 2.431297443633414213e-01
4.131759111665348483e-01 2.365608075297346569e-01
4.288425808633573588e-01 2.312528606895321026e-01
4.445809000494944097e-01 2.268763749731398938e-01
4.603750215716055916e-01 2.226938372399190624e-01
4.762090420881286423e-01 2.185239201007292686e-01
4.920670180825961748e-01 2.145948633440051267e-01
5.079329819174041027e-01 2.109090177883209682e-01
5.237909579118711356e-01 2.072355663594995789e-01
5.396249784283941864e-01 2.035225333900644584e-01
5.554190999505054238e-01 1.999030907686709935e-01
5.711574191366424191e-01 1.963800910855276471e-01
5.868240888334650407e-01 1.928183344373962937e-01
6.024033340325950503e-01 1.891959633949414632e-01
6.178794677547136960e-01 1.856070440432315005e-01
6.332369068450175442e-01 1.820509502183302875e-01
6.484601876641370444e-01 1.784329738020720146e-01
6.635339816587108031e-01 1.747444873729808446e-01
6.784431107959358886e-01 1.710584811912858327e-01
6.931725628465641442e-01 1.673716645901307531e-01
7.077075065009430510e-01 1.636117534917049532e-01
7.220333063028867571e-01 1.597776191724277484e-01
7.361355373863414098e-01 1.559291981503021229e-01
7.499999999999996669e-01 1.520612849125437538e-01
7.636127338052511870e-01 1.481158470124711857e-01
7.769600319330550731e-01 1.440966546136542570e-01
7.900284547855989103e-01 1.400548447090026460e-01
8.028048435688331930e-01 1.359837874025626170e-01
8.152763335422610336e-01 1.318352909550804253e-01
8.274303669726426058e-01 1.276166311985864332e-01
8.392547057785657572e-01 1.233726717214555374e-01
8.507374438531606353e-01 1.190956699427822701e-01
8.618670190525350439e-01 1.147446003416668359e-01
8.726322248378772795e-01 1.103294054779891814e-01
8.830222215594889512e-01 1.058903071060045276e-01
8.930265473713936419e-01 1.014186575428616260e-01
9.026351287655294264e-01 9.687882490802209035e-02
9.118382907149161776e-01 9.228285641148428753e-02
9.206267664155906028e-01 8.766747215978404340e-02
9.289917066174885329e-01 8.302328631991547081e-02
9.369246885348924136e-01 7.831878422129297246e-02
9.444177243274616274e-01 7.356768257716711501e-02
9.514632691433104750e-01 6.880408849346640598e-02
9.580542287160349613e-01 6.401808804113608142e-02
9.641839665080361721e-01 5.918126400736671566e-02
9.698463103929542140e-01 5.430856609284213932e-02
9.750355588704725518e-01 4.943234941141850386e-02
9.797464868072487398e-01 4.454262816521524504e-02
9.839743506981781795e-01 3.961311084986483821e-02
9.877148934427034677e-01 3.465929880191314510e-02
9.909643486313534089e-01 2.971312710368203061e-02
9.937194443381971443e-01 2.476612650723878165e-02
9.959774064153976703e-01 1.979286951006440157e-02
9.977359612865421834e-01 1.480741505690779877e-02
9.989933382359421632e-01 9.846440633110116122e-03
9.997482711915925968e-01 4.916852268956068556e-03
