2.517288084074031929e-04 1.714567827959119128e+01
1.006661764057781294e-03 8.581266177628137370e+00
2.264038713457705576e-03 5.730080117480934376e+00
4.022593584602329742e-03 4.307213698326350482e+00
6.280555661802800227e-03 3.455640491695133765e+00
9.035651368646646642e-03 2.889627330481897793e+00
1.228510655729647683e-02 2.486772717453687775e+00
1.602564930182182046e-02 2.185909895178308471e+00
2.025351319275126016e-02 1.952985007465387390e+00
2.496444112952733718e-02 1.767534391621868206e+00
3.015368960704578605e-02 1.616607307334513521e+00
3.581603349196366137e-02 1.491587785650683617e+00
4.194577128396520527e-02 1.386428712260598939e+00
4.853673085668941400e-02 1.296793430139790981e+00
5.558227567253826162e-02 1.219583599228740267e+00
6.307531146510747533e-02 1.152483111301493723e+00
7.100829338251141154e-02 1.093629946654931073e+00
7.937323358440939725e-02 1.041568733735960928e+00
8.816170928508360038e-02 9.952425688751938004e-01
9.736487123447062908e-02 9.538049527704905994e-01
1.069734526286063026e-01 9.164692613722799086e-01
1.169777784405109378e-01 8.825938688313094138e-01
1.273677751621226095e-01 8.517534560760414708e-01
1.381329809474648451e-01 8.235836816191201004e-01
1.492625561468393647e-01 7.976624746077471961e-01
1.607452942214338543e-01 7.736443986239156523e-01
1.725696330273573942e-01 7.513577789452314803e-01
1.847236664577387999e-01 7.306345672599431351e-01
1.971951564311666405e-01 7.111911650492778181e-01
2.099715452144008676e-01 6.928055976453785236e-01
2.230399680669447604e-01 6.754353721555677037e-01
2.363872661947486464e-01 6.590063463164177460e-01
2.499999999999997780e-01 6.432747396825567732e-01
2.638644626136583682e-01 6.280667406330275870e-01
2.779666936971130209e-01 6.134311368197221670e-01
2.922924934990568380e-01 5.993448366500255808e-01
3.068274371534356337e-01 5.855204900137074286e-01
3.215568892040640003e-01 5.717704922209631002e-01
3.364660183412890859e-01 5.582548832028055852e-01
3.515398123358624005e-01 5.449610299280112091e-01
3.667630931549822337e-01 5.312267459790389612e-01
3.821205322452865261e-01 5.164010813233048669e-01
3.975966659674047277e-01 5.009285672703187586e-01
4.131759111665348483e-01 4.861610962886154796e-01
4.288425808633573588e-01 4.729589403360101585e-01
4.445809000494944097e-01 4.609721730951348850e-01
4.603750215716055916e-01 4.494446015867511468e-01
4.762090420881286423e-01 4.381777567805312246e-01
4.920670180825961748e-01 4.273841175567635320e-01
5.079329819174041027e-01 4.170515159683626516e-01
5.237909579118711356e-01 4.069357360097554110e-01
5.396249784283941864e-01 3.969724146975934231e-01
5.554190999505054238e-01 3.872832522290088342e-01
5.711574191366424191e-01 3.778604597773013718e-01
5.868240888334650407e-01 3.685589502331595435e-01
6.024033340325950503e-01 3.593476652322851184e-01
6.178794677547136960e-01 3.503120953813245730e-01
6.332369068450175442e-01 3.414436099438704075e-01
6.484601876641370444e-01 3.326400181041197501e-01
6.635339816587108031e-01 3.238856874608737058e-01
6.784431107959358886e-01 3.152470411690730390e-01
6.931725628465641442e-01 3.067146233124867227e-01
7.077075065009430510e-01 2.982103537997627951e-01
7.220333063028867571e-01 2.897276475346486913e-01
7.361355373863414098e-01 2.813212974060496641e-01
7.499999999999996669e-01 2.729812425281583632e-01
7.636127338052511870e-01 2.646448610060415652e-01
7.769600319330550731e-01 2.563115790808064842e-01
7.900284547855989103e-01 2.480284166839824000e-01
8.028048435688331930e-01 2.397848366133644160e-01
8.152763335422610336e-01 2.315289338754895898e-01
8.274303669726426058e-01 2.232644506612985746e-01
8.392547057785657572e-01 2.150328832327939865e-01
8.507374438531606353e-01 2.068232757290924539e-01
8.618670190525350439e-01 1.985915320586568722e-01
8.726322248378772795e-01 1.903446564256821572e-01
8.830222215594889512e-01 1.821200547124084412e-01
8.930265473713936419e-01 1.739063768078495387e-01
9.026351287655294264e-01 1.656653934343561285e-01
9.118382907149161776e-01 1.574066515915911180e-01
9.206267664155906028e-01 1.491644610340844557e-01
9.289917066174885329e-01 1.409271085746189867e-01
9.369246885348924136e-01 1.326608287500117001e-01
9.444177243274616274e-01 1.243771579910251390e-01
9.514632691433104750e-01 1.161080879281252420e-01
9.580542287160349613e-01 1.078416485759530613e-01
9.641839665080361721e-01 9.954742098141193540e-02
9.698463103929542140e-01 9.123840257440102297e-02
9.750355588704725518e-01 8.294504105165245722e-02
9.797464868072487398e-01 7.465548364256736902e-02
9.839743506981781795e-01 6.634160808938821541e-02
9.877148934427034677e-01 5.801711713274169263e-02
9.909643486313534089e-01 4.971217549819247766e-02
9.937194443381971443e-01 4.141656802689016453e-02
9.959774064153976703e-01 3.310314206529427206e-02
9.977359612865421834e-01 2.478424857168102374e-02
9.989933382359421632e-01 1.649487068860249275e-02
9.997482711915925968e-01 8.240230285314299394e-03
