9.989933382359421632e-01 4.417761561717491459e-01
9.977359612865421834e-01 3.727293366688387843e-01
9.959774064153976703e-01 3.274392017311938963e-01
9.937194443381971443e-01 2.927805375587976267e-01
9.909643486313534089e-01 2.641513566003154123e-01
9.877148934427034677e-01 2.394346583158283304e-01
9.839743506981781795e-01 2.174817650576741368e-01
9.797464868072487398e-01 1.975974908041845390e-01
9.750355588704725518e-01 1.793276719584149248e-01
9.698463103929542140e-01 1.623584622422697965e-01
9.641839665080361721e-01 1.464634482131961235e-01
9.580542287160349613e-01 1.314736036380188544e-01
9.514632691433104750e-01 1.172591259630589855e-01
9.444177243274616274e-01 1.037178923114132623e-01
9.369246885348924136e-01 9.076781553795421065e-02
9.289917066174885329e-01 7.834160799399803032e-02
9.206267664155906028e-01 6.638309188402924388e-02
9.118382907149161776e-01 5.484453773044684066e-02
9.026351287655294264e-01 4.368470713937622207e-02
8.930265473713936419e-01 3.286739110966740984e-02
8.830222215594889512e-01 2.236030547535261537e-02
8.726322248378772795e-01 1.213424938123797148e-02
8.618670190525350439e-01 2.162461347069877249e-03
8.507374438531606353e-01 -7.579873562462369208e-03
8.392547057785657572e-01 -1.711599913660544203e-02
8.274303669726426058e-01 -2.646787084208312990e-02
8.152763335422610336e-01 -3.565636476429845381e-02
8.028048435688331930e-01 -4.470142695919920861e-02
7.900284547855989103e-01 -5.362217436281202509e-02
7.769600319330550731e-01 -6.243695606872923243e-02
7.636127338052511870e-01 -7.116338208491446160e-02
7.499999999999996669e-01 -7.981832537250643789e-02
7.361355373863414098e-01 -8.841790199367238756e-02
7.220333063028867571e-01 -9.697743342252529430e-02
7.077075065009430510e-01 -1.055113944816530314e-01
6.931725628465641442e-01 -1.140333498875631957e-01
6.784431107959358886e-01 -1.225558819958887380e-01
6.635339816587108031e-01 -1.310905120376570920e-01
6.484601876641370444e-01 -1.396476168727207590e-01
6.332369068450175442e-01 -1.482363430696431728e-01
6.178794677547136960e-01 -1.568645199497902265e-01
6.024033340325950503e-01 -1.655385730837350966e-01
5.868240888334650407e-01 -1.742634395963573724e-01
5.711574191366424191e-01 -1.830424865287287872e-01
5.554190999505054238e-01 -1.918774334220150202e-01
5.396249784283941864e-01 -2.007682801814210105e-01
5.237909579118711356e-01 -2.097132412200872764e-01
5.079329819174041027e-01 -2.187086867785343891e-01
4.920670180825961748e-01 -2.277490922347749081e-01
4.762090420881286423e-01 -2.368269961125331058e-01
4.603750215716055916e-01 -2.459329673655499260e-01
4.445809000494944097e-01 -2.550555823492586249e-01
4.288425808633573588e-01 -2.641814117001357598e-01
4.131759111665348483e-01 -2.732950170772128207e-01
3.975966659674047277e-01 -2.823789573949357923e-01
3.821205322452865261e-01 -2.914138037801983216e-01
3.667630931549822337e-01 -3.003781619629835031e-01
3.515398123358624005e-01 -3.092487001845432015e-01
3.364660183412890859e-01 -3.180001799187019973e-01
3.215568892040640003e-01 -3.266054857388556165e-01
3.068274371534356337e-01 -3.350356494451549594e-01
2.922924934990568380e-01 -3.432598621289393304e-01
2.779666936971130209e-01 -3.512454659731016893e-01
2.638644626136583682e-01 -3.589579153561714975e-01
2.499999999999997780e-01 -3.663606939578711863e-01
2.363872661947486464e-01 -3.734151709910220607e-01
2.230399680669447604e-01 -3.800803751120680474e-01
2.099715452144008676e-01 -3.863126587281207058e-01
1.971951564311666405e-01 -3.920652177940946448e-01
1.847236664577387999e-01 -3.972874222816134004e-01
1.725696330273573942e-01 -4.019238992810429956e-01
1.607452942214338543e-01 -4.059132931187308113e-01
1.492625561468393647e-01 -4.091866030965716217e-01
1.381329809474648451e-01 -4.116649671064038785e-01
1.273677751621226095e-01 -4.132567150128327871e-01
1.169777784405109378e-01 -4.138534543923424458e-01
1.069734526286063026e-01 -4.133248659935644387e-01
9.736487123447062908e-02 -4.115117672956245531e-01
8.816170928508360038e-02 -4.082168357570579165e-01
7.937323358440939725e-02 -4.031921497181589764e-01
7.100829338251141154e-02 -3.961223786588097262e-01
6.307531146510747533e-02 -3.866020039319590929e-01
5.558227567253826162e-02 -3.741043427849866099e-01
4.853673085668941400e-02 -3.579393646047028810e-01
4.194577128396520527e-02 -3.371963751320532499e-01
3.581603349196366137e-02 -3.106668390340916464e-01
3.015368960704578605e-02 -2.767426533891141904e-01
2.496444112952733718e-02 -2.332880520717985906e-01
2.025351319275126016e-02 -1.774938788587046012e-01
1.602564930182182046e-02 -1.057523684443006928e-01
1.228510655729647683e-02 -1.366208631354814962e-02
9.035651368646646642e-03 1.035732784561073094e-01
6.280555661802800227e-03 2.498126329813447066e-01
4.022593584602329742e-03 4.248598708034877491e-01
2.264038713457705576e-03 6.189605879916204589e-01
1.006661764057781294e-03 8.066922893283681173e-01
2.517288084074031929e-04 9.473183827916933364e-01
0.000000000000000000e+00 1.000000000000000000e+00
2.517288084074031929e-04 9.473183827915250266e-01
1.006661764057781294e-03 8.066922893286944118e-01
2.264038713457705576e-03 6.189605879918398390e-01
4.022593584602329742e-03 4.248598708035794536e-01
6.280555661802800227e-03 2.498126329815926194e-01
9.035651368646646642e-03 1.035732784560250419e-01
1.228510655729647683e-02 -1.366208631324683509e-02
1.602564930182182046e-02 -1.057523684436780798e-01
2.025351319275126016e-02 -1.774938788593902750e-01
2.496444112952733718e-02 -2.332880520717666162e-01
3.015368960704578605e-02 -2.767426533901207186e-01
3.581603349196366137e-02 -3.106668390344109465e-01
4.194577128396520527e-02 -3.371963751318303171e-01
4.853673085668941400e-02 -3.579393646042055011e-01
5.558227567253826162e-02 -3.741043427850025971e-01
6.307531146510747533e-02 -3.866020039320468005e-01
7.100829338251141154e-02 -3.961223786588266016e-01
7.937323358440939725e-02 -4.031921497182424652e-01
8.816170928508360038e-02 -4.082168357563338290e-01
9.736487123447062908e-02 -4.115117672961463580e-01
1.069734526286063026e-01 -4.133248659935115921e-01
1.169777784405109378e-01 -4.138534543921006392e-01
1.273677751621226095e-01 -4.132567150131067901e-01
1.381329809474648451e-01 -4.116649671063978833e-01
1.492625561468393647e-01 -4.091866030966304635e-01
1.607452942214338543e-01 -4.059132931186260063e-01
1.725696330273573942e-01 -4.019238992812379507e-01
1.847236664577387999e-01 -3.972874222818789658e-01
1.971951564311666405e-01 -3.920652177941701400e-01
2.099715452144008676e-01 -3.863126587279679391e-01
2.230399680669447604e-01 -3.800803751122552310e-01
2.363872661947486464e-01 -3.734151709910238370e-01
2.499999999999997780e-01 -3.663606939581902644e-01
2.638644626136583682e-01 -3.589579153557915792e-01
2.779666936971130209e-01 -3.512454659736194973e-01
2.922924934990568380e-01 -3.432598621293689867e-01
3.068274371534356337e-01 -3.350356494452069178e-01
3.215568892040640003e-01 -3.266054857390126021e-01
3.364660183412890859e-01 -3.180001799189604572e-01
3.515398123358624005e-01 -3.092487001841590644e-01
3.667630931549822337e-01 -3.003781619635041977e-01
3.821205322452865261e-01 -2.914138037797011638e-01
3.975966659674047277e-01 -2.823789573951329679e-01
4.131759111665348483e-01 -2.732950170771337728e-01
4.288425808633573588e-01 -2.641814117000822471e-01
4.445809000494944097e-01 -2.550555823492346441e-01
4.603750215716055916e-01 -2.459329673654453430e-01
4.762090420881286423e-01 -2.368269961125690770e-01
4.920670180825961748e-01 -2.277490922346216973e-01
5.079329819174041027e-01 -2.187086867786063316e-01
5.237909579118711356e-01 -2.097132412201621054e-01
5.396249784283941864e-01 -2.007682801813144291e-01
5.554190999505054238e-01 -1.918774334220765265e-01
5.711574191366424191e-01 -1.830424865286881531e-01
5.868240888334650407e-01 -1.742634395966158323e-01
6.024033340325950503e-01 -1.655385730836027580e-01
6.178794677547136960e-01 -1.568645199496960796e-01
6.332369068450175442e-01 -1.482363430696240769e-01
6.484601876641370444e-01 -1.396476168728042477e-01
6.635339816587108031e-01 -1.310905120375716049e-01
6.784431107959358886e-01 -1.225558819959338130e-01
6.931725628465641442e-01 -1.140333498875822915e-01
7.077075065009430510e-01 -1.055113944816281624e-01
7.220333063028867571e-01 -9.697743342226949892e-02
7.361355373863414098e-01 -8.841790199379184756e-02
7.499999999999996669e-01 -7.981832537267674610e-02
7.636127338052511870e-01 -7.116338208493577788e-02
7.769600319330550731e-01 -6.243695606872523562e-02
7.900284547855989103e-01 -5.362217436286531580e-02
8.028048435688331930e-01 -4.470142695920742426e-02
8.152763335422610336e-01 -3.565636476420031009e-02
8.274303669726426058e-01 -2.646787084209445418e-02
8.392547057785657572e-01 -1.711599913644157311e-02
8.507374438531606353e-01 -7.579873562530980990e-03
8.618670190525350439e-01 2.162461347087196728e-03
8.726322248378772795e-01 1.213424938126073105e-02
8.830222215594889512e-01 2.236030547533529589e-02
8.930265473713936419e-01 3.286739110966296895e-02
9.026351287655294264e-01 4.368470713938688021e-02
9.118382907149161776e-01 5.484453773047470726e-02
9.206267664155906028e-01 6.638309188403379579e-02
9.289917066174885329e-01 7.834160799401657105e-02
9.369246885348924136e-01 9.076781553794743829e-02
9.444177243274616274e-01 1.037178923114452367e-01
9.514632691433104750e-01 1.172591259630699767e-01
9.580542287160349613e-01 1.314736036379973161e-01
9.641839665080361721e-01 1.464634482132249893e-01
9.698463103929542140e-01 1.623584622422631352e-01
9.750355588704725518e-01 1.793276719584155909e-01
9.797464868072487398e-01 1.975974908041878697e-01
9.839743506981781795e-01 2.174817650576803540e-01
9.877148934427034677e-01 2.394346583158288855e-01
9.909643486313534089e-01 2.641513566003136360e-01
9.937194443381971443e-01 2.927805375587925196e-01
9.959774064153976703e-01 3.274392017311933412e-01
9.977359612865421834e-01 3.727293366688354537e-01
9.989933382359421632e-01 4.417761561717524765e-01
