9.989933382359421632e-01 4.637548219755672774e-01
9.977359612865421834e-01 4.003158004008068316e-01
9.959774064153976703e-01 3.601953226447136558e-01
9.937194443381971443e-01 3.306185480376084840e-01
9.909643486313534089e-01 3.070927867901525055e-01
9.877148934427034677e-01 2.875443353321658346e-01
9.839743506981781795e-01 2.708442813460505416e-01
9.797464868072487398e-01 2.563073231433460331e-01
9.750355588704725518e-01 2.434845777660327171e-01
9.698463103929542140e-01 2.320651955349166684e-01
9.641839665080361721e-01 2.218245981831623581e-01
9.580542287160349613e-01 2.125950199999836476e-01
9.514632691433104750e-01 2.042476722889570162e-01
9.444177243274616274e-01 1.966813949086914093e-01
9.369246885348924136e-01 1.898151369890248574e-01
9.289917066174885329e-01 1.835828060805209105e-01
9.206267664155906028e-01 1.779296415102299411e-01
9.118382907149161776e-01 1.728096027560906967e-01
9.026351287655294264e-01 1.681834542392636189e-01
8.930265473713936419e-01 1.640173407089866586e-01
8.830222215594889512e-01 1.602817164386914905e-01
8.726322248378772795e-01 1.569505350037815328e-01
8.618670190525350439e-01 1.540006346195511577e-01
8.507374438531606353e-01 1.514112727169121264e-01
8.392547057785657572e-01 1.491637760916773026e-01
8.274303669726426058e-01 1.472412817007855423e-01
8.152763335422610336e-01 1.456285493050777369e-01
8.028048435688331930e-01 1.443118315480717007e-01
7.900284547855989103e-01 1.432787902167000915e-01
7.769600319330550731e-01 1.425184497850817689e-01
7.636127338052511870e-01 1.420211810696735411e-01
7.499999999999996669e-01 1.417787091634808982e-01
7.361355373863414098e-01 1.417841408259319369e-01
7.220333063028867571e-01 1.420320073115920456e-01
7.077075065009430510e-01 1.425183192462662340e-01
6.931725628465641442e-01 1.432406306719226086e-01
6.784431107959358886e-01 1.441981098042544041e-01
6.635339816587108031e-01 1.453916143802193028e-01
6.484601876641370444e-01 1.468237697667289510e-01
6.332369068450175442e-01 1.484990482483394825e-01
6.178794677547136960e-01 1.504238481140441896e-01
6.024033340325950503e-01 1.526065713424047399e-01
5.868240888334650407e-01 1.550576988445589999e-01
5.711574191366424191e-01 1.577898623641073028e-01
5.554190999505054238e-01 1.608179122453582410e-01
5.396249784283941864e-01 1.641589804150084264e-01
5.237909579118711356e-01 1.678325380090086583e-01
5.079329819174041027e-01 1.718604471982728699e-01
4.920670180825961748e-01 1.762670068614899943e-01
4.762090420881286423e-01 1.810789918600426152e-01
4.603750215716055916e-01 1.863256857788814225e-01
4.445809000494944097e-01 1.920389071142059034e-01
4.288425808633573588e-01 1.982530289922705968e-01
4.131759111665348483e-01 2.050049926220788299e-01
3.975966659674047277e-01 2.123343147858300917e-01
3.821205322452865261e-01 2.202830897401700794e-01
3.667630931549822337e-01 2.288959859479690051e-01
3.515398123358624005e-01 2.382202380204831993e-01
3.364660183412890859e-01 2.483056341083960117e-01
3.215568892040640003e-01 2.592044986646915294e-01
3.068274371534356337e-01 2.709716699597038980e-01
2.922924934990568380e-01 2.836644707802132848e-01
2.779666936971130209e-01 2.973426693427968504e-01
2.638644626136583682e-01 3.120684252409532400e-01
2.499999999999997780e-01 3.279062120294691240e-01
2.363872661947486464e-01 3.449227033070022541e-01
2.230399680669447604e-01 3.631866023005159150e-01
2.099715452144008676e-01 3.827683850337255667e-01
1.971951564311666405e-01 4.037399129193546266e-01
1.847236664577387999e-01 4.261738500551953690e-01
1.725696330273573942e-01 4.501427909219554158e-01
1.607452942214338543e-01 4.757179613042341604e-01
1.492625561468393647e-01 5.029672929620789823e-01
1.381329809474648451e-01 5.319525814952599241e-01
1.273677751621226095e-01 5.627253027812844088e-01
1.169777784405109378e-01 5.953204646701983904e-01
1.069734526286063026e-01 6.297475738298088377e-01
9.736487123447062908e-02 6.659773507343060839e-01
8.816170928508360038e-02 7.039221474396526457e-01
7.937323358440939725e-02 7.434069847235282857e-01
7.100829338251141154e-02 7.841265248880859851e-01
6.307531146510747533e-02 8.255808137271644087e-01
5.558227567253826162e-02 8.669787566209740115e-01
4.853673085668941400e-02 9.070922615193868221e-01
4.194577128396520527e-02 9.440346269048229821e-01
3.581603349196366137e-02 9.749224850302700141e-01
3.015368960704578605e-02 9.953596651919465188e-01
2.496444112952733718e-02 9.986531276996212236e-01
2.025351319275126016e-02 9.746408523673129043e-01
1.602564930182182046e-02 9.080038215761507825e-01
1.228510655729647683e-02 7.760279662468121398e-01
9.035651368646646642e-03 5.461864409450213342e-01
6.280555661802800227e-03 1.750750712089584882e-01
4.022593584602329742e-03 -3.872548560925461736e-01
2.264038713457705576e-03 -1.180224600796512036e+00
1.006661764057781294e-03 -2.197411460259699023e+00
2.517288084074031929e-04 -3.347757339257312559e+00
0.000000000000000000e+00 -4.474762551474448458e+00
2.517288084074031929e-04 -5.437400023441213648e+00
1.006661764057781294e-03 -6.044284447854537667e+00
2.264038713457705576e-03 -6.248857846595189613e+00
4.022593584602329742e-03 -6.137097762192536443e+00
6.280555661802800227e-03 -5.834062012267137831e+00
9.035651368646646642e-03 -5.443906892159245281e+00
1.228510655729647683e-02 -5.033317473781504958e+00
1.602564930182182046e-02 -4.638027945929794171e+00
2.025351319275126016e-02 -4.274015214140037600e+00
2.496444112952733718e-02 -3.946295088065370216e+00
3.015368960704578605e-02 -3.654410940708276101e+00
3.581603349196366137e-02 -3.395491980873550197e+00
4.194577128396520527e-02 -3.165837553232537793e+00
4.853673085668941400e-02 -2.961684797454417595e+00
5.558227567253826162e-02 -2.779547324957321486e+00
6.307531146510747533e-02 -2.616337797634561202e+00
7.100829338251141154e-02 -2.469386770988175162e+00
7.937323358440939725e-02 -2.336415478097526144e+00
8.816170928508360038e-02 -2.215491346871270917e+00
9.736487123447062908e-02 -2.104980071373337314e+00
1.069734526286063026e-01 -2.003500425680042607e+00
1.169777784405109378e-01 -1.909884200283099354e+00
1.273677751621226095e-01 -1.823141805290812378e+00
1.381329809474648451e-01 -1.742433255456921515e+00
1.492625561468393647e-01 -1.667043926550463961e+00
1.607452942214338543e-01 -1.596364391535644689e+00
1.725696330273573942e-01 -1.529873675317011017e+00
1.847236664577387999e-01 -1.467125341601495325e+00
1.971951564311666405e-01 -1.407735912060977146e+00
2.099715452144008676e-01 -1.351375201351710853e+00
2.230399680669447604e-01 -1.297758225663908860e+00
2.363872661947486464e-01 -1.246638405511422576e+00
2.499999999999997780e-01 -1.197801835830193173e+00
2.638644626136583682e-01 -1.151062439288675243e+00
2.779666936971130209e-01 -1.106257853400164581e+00
2.922924934990568380e-01 -1.063245929983512195e+00
3.068274371534356337e-01 -1.021901748026588397e+00
3.215568892040640003e-01 -9.821150589867460035e-01
3.364660183412890859e-01 -9.437880980703443612e-01
3.515398123358624005e-01 -9.068337066620513198e-01
3.667630931549822337e-01 -8.711737204053244810e-01
3.821205322452865261e-01 -8.367375850303089280e-01
3.975966659674047277e-01 -8.034611681501679925e-01
4.131759111665348483e-01 -7.712857401841577420e-01
4.288425808633573588e-01 -7.401571017334533931e-01
4.445809000494944097e-01 -7.100248379927149855e-01
4.603750215716055916e-01 -6.808416836226447444e-01
4.762090420881286423e-01 -6.525629837882960249e-01
4.920670180825961748e-01 -6.251462389925799279e-01
5.079329819174041027e-01 -5.985507229776243499e-01
5.237909579118711356e-01 -5.727371643227521236e-01
5.396249784283941864e-01 -5.476674835444035327e-01
5.554190999505054238e-01 -5.233045784904470921e-01
5.711574191366424191e-01 -4.996121516696758746e-01
5.868240888334650407e-01 -4.765545738840264445e-01
6.024033340325950503e-01 -4.540967791254284514e-01
6.178794677547136960e-01 -4.322041862556709191e-01
6.332369068450175442e-01 -4.108426433690000046e-01
6.484601876641370444e-01 -3.899783911551586435e-01
6.635339816587108031e-01 -3.695780418253369337e-01
6.784431107959358886e-01 -3.496085704198730326e-01
6.931725628465641442e-01 -3.300373154781977014e-01
7.077075065009430510e-01 -3.108319861746351442e-01
7.220333063028867571e-01 -2.919606730725718968e-01
7.361355373863414098e-01 -2.733918596791569122e-01
7.499999999999996669e-01 -2.550944319213483968e-01
7.636127338052511870e-01 -2.370376825689179956e-01
7.769600319330550731e-01 -2.191913074526110616e-01
7.900284547855989103e-01 -2.015253900808695597e-01
8.028048435688331930e-01 -1.840103709030549428e-01
8.152763335422610336e-01 -1.666169970034649950e-01
8.274303669726426058e-01 -1.493162473643785404e-01
8.392547057785657572e-01 -1.320792279965030680e-01
8.507374438531606353e-01 -1.148770300743360284e-01
8.618670190525350439e-01 -9.768054266438253030e-02
8.726322248378772795e-01 -8.046020949859622462e-02
8.830222215594889512e-01 -6.318571630002289830e-02
8.930265473713936419e-01 -4.582559105353900542e-02
9.026351287655294264e-01 -2.834669379089227448e-02
9.118382907149161776e-01 -1.071356409947799015e-02
9.206267664155906028e-01 7.112417615647848024e-03
9.289917066174885329e-01 2.517411717001416527e-02
9.369246885348924136e-01 4.352007136861979486e-02
9.444177243274616274e-01 6.220638234393915944e-02
9.514632691433104750e-01 8.129928072105763182e-02
9.580542287160349613e-01 1.008786672812040930e-01
9.641839665080361721e-01 1.210431298510705744e-01
9.698463103929542140e-01 1.419172617637334266e-01
9.750355588704725518e-01 1.636627161915439332e-01
9.797464868072487398e-01 1.864956138403085495e-01
9.839743506981781795e-01 2.107153761959782434e-01
9.877148934427034677e-01 2.367555583463556435e-01
9.909643486313534089e-01 2.652808192818536526e-01
9.937194443381971443e-01 2.973918800854260525e-01
9.959774064153976703e-01 3.351229938115868334e-01
9.977359612865421834e-01 3.829096702334835456e-01
9.989933382359421632e-01 4.534379322497447129e-01
