9.989933382359421632e-01 4.441519936199078700e-01
9.977359612865421834e-01 3.761386200362001331e-01
9.959774064153976703e-01 3.319095945114416413e-01
9.937194443381971443e-01 2.983532968233255644e-01
9.909643486313534089e-01 2.708691544372664461e-01
9.877148934427034677e-01 2.473391169026313285e-01
9.839743506981781795e-01 2.266130512102724204e-01
9.797464868072487398e-01 2.079944161340202546e-01
9.750355588704725518e-01 1.910279118869193660e-01
9.698463103929542140e-01 1.753987857197986111e-01
9.641839665080361721e-01 1.608799292117029101e-01
9.580542287160349613e-01 1.473018096943449207e-01
9.514632691433104750e-01 1.345342864027875285e-01
9.444177243274616274e-01 1.224750506150131812e-01
9.369246885348924136e-01 1.110419703211210640e-01
9.289917066174885329e-01 1.001678465337262347e-01
9.206267664155906028e-01 8.979671947315892577e-02
9.118382907149161776e-01 7.988120553585753569e-02
9.026351287655294264e-01 7.038054071124388855e-02
8.930265473713936419e-01 6.125912124499877098e-02
8.830222215594889512e-01 5.248540276762325707e-02
8.726322248378772795e-01 4.403106347869523152e-02
8.618670190525350439e-01 3.587036568463530806e-02
8.507374438531606353e-01 2.797966899185000411e-02
8.392547057785657572e-01 2.033706130141110791e-02
8.274303669726426058e-01 1.292208260167282408e-02
8.152763335422610336e-01 5.715522745154300033e-03
8.028048435688331930e-01 -1.300721179859021248e-03
7.900284547855989103e-01 -8.143739102915548145e-03
7.769600319330550731e-01 -1.482966271417862636e-02
7.636127338052511870e-01 -2.137368784029547442e-02
7.499999999999996669e-01 -2.779007027083313375e-02
7.361355373863414098e-01 -3.409209985811911814e-02
7.220333063028867571e-01 -4.029205692355120050e-02
7.077075065009430510e-01 -4.640115439358161176e-02
6.931725628465641442e-01 -5.242946859197195053e-02
6.784431107959358886e-01 -5.838586120513289401e-02
6.635339816587108031e-01 -6.427789461830357709e-02
6.484601876641370444e-01 -7.011174253641527798e-02
6.332369068450175442e-01 -7.589209756561943188e-02
6.178794677547136960e-01 -8.162207723668402082e-02
6.024033340325950503e-01 -8.730312977720511292e-02
5.868240888334650407e-01 -9.293494077993202929e-02
5.711574191366424191e-01 -9.851534177403098447e-02
5.554190999505054238e-01 -1.040402215881313097e-01
5.396249784283941864e-01 -1.095034412456172834e-01
5.237909579118711356e-01 -1.148967530281799210e-01
5.079329819174041027e-01 -1.202097241865955901e-01
4.920670180825961748e-01 -1.254296656363220741e-01
4.762090420881286423e-01 -1.305415657991277900e-01
4.603750215716055916e-01 -1.355280295443428429e-01
4.445809000494944097e-01 -1.403692219276699849e-01
4.288425808633573588e-01 -1.450428161342323108e-01
4.131759111665348483e-01 -1.495239446532568017e-01
3.975966659674047277e-01 -1.537851522599367193e-01
3.821205322452865261e-01 -1.577963488404650061e-01
3.667630931549822337e-01 -1.615247594149336052e-01
3.515398123358624005e-01 -1.649348679110993476e-01
3.364660183412890859e-01 -1.679883502603509715e-01
3.215568892040640003e-01 -1.706439912128352443e-01
3.068274371534356337e-01 -1.728575778253436113e-01
2.922924934990568380e-01 -1.745817608968232015e-01
2.779666936971130209e-01 -1.757658735080711576e-01
2.638644626136583682e-01 -1.763556933531535975e-01
2.499999999999997780e-01 -1.762931324784644538e-01
2.363872661947486464e-01 -1.755158343350704531e-01
2.230399680669447604e-01 -1.739566534703578249e-01
2.099715452144008676e-01 -1.715429875649021607e-01
1.971951564311666405e-01 -1.681959244906692241e-01
1.847236664577387999e-01 -1.638291583628654902e-01
1.725696330273573942e-01 -1.583476175528790719e-01
1.607452942214338543e-01 -1.516457338664745080e-01
1.492625561468393647e-01 -1.436052647011041294e-01
1.381329809474648451e-01 -1.340925581184186921e-01
1.273677751621226095e-01 -1.229551234150962902e-01
1.169777784405109378e-01 -1.100173359283178609e-01
1.069734526286063026e-01 -9.507506384360109308e-02
9.736487123447062908e-02 -7.788895715829058375e-02
8.816170928508360038e-02 -5.817608762656090171e-02
7.937323358440939725e-02 -3.559958240538541041e-02
7.100829338251141154e-02 -9.755874030659361651e-03
6.307531146510747533e-02 1.984075862261958090e-02
5.558227567253826162e-02 5.377646274452096975e-02
4.853673085668941400e-02 9.275841212675706160e-02
4.194577128396520527e-02 1.376358874667928944e-01
3.581603349196366137e-02 1.894170393309181355e-01
3.015368960704578605e-02 2.492703986726131360e-01
2.496444112952733718e-02 3.184877859088072194e-01
2.025351319275126016e-02 3.983609301838202388e-01
1.602564930182182046e-02 4.898785787564600147e-01
1.228510655729647683e-02 5.930729243196601885e-01
9.035651368646646642e-03 7.057354835180391639e-01
6.280555661802800227e-03 8.211564204430295000e-01
4.022593584602329742e-03 9.248193412402294644e-01
2.264038713457705576e-03 9.913339980343367497e-01
1.006661764057781294e-03 9.859144474813432701e-01
2.517288084074031929e-04 8.766271793545693525e-01
0.000000000000000000e+00 6.545509910087083938e-01
2.517288084074031929e-04 3.441311735743275424e-01
1.006661764057781294e-03 5.629867662311882626e-03
2.264038713457705576e-03 -3.002872818045976278e-01
4.022593584602329742e-03 -5.403921059297176477e-01
6.280555661802800227e-03 -7.101300140056534538e-01
9.035651368646646642e-03 -8.206981016448264832e-01
1.228510655729647683e-02 -8.873013360384467418e-01
1.602564930182182046e-02 -9.233964210691232299e-01
2.025351319275126016e-02 -9.391349069196817112e-01
2.496444112952733718e-02 -9.416152899013248145e-01
3.015368960704578605e-02 -9.356136459429729157e-01
3.581603349196366137e-02 -9.242797014143786516e-01
4.194577128396520527e-02 -9.096678151010386681e-01
4.853673085668941400e-02 -8.931079021235326376e-01
5.558227567253826162e-02 -8.754544474537924170e-01
6.307531146510747533e-02 -8.572507779556841623e-01
7.100829338251141154e-02 -8.388367728462380324e-01
7.937323358440939725e-02 -8.204194812220582111e-01
8.816170928508360038e-02 -8.021195554291014052e-01
9.736487123447062908e-02 -7.840019068160506421e-01
1.069734526286063026e-01 -7.660960247860173489e-01
1.169777784405109378e-01 -7.484094820334006304e-01
1.273677751621226095e-01 -7.309369161813179527e-01
1.381329809474648451e-01 -7.136659861243093150e-01
1.492625561468393647e-01 -6.965812905233468300e-01
1.607452942214338543e-01 -6.796669046081285082e-01
1.725696330273573942e-01 -6.629079749917750064e-01
1.847236664577387999e-01 -6.462916697457852244e-01
1.971951564311666405e-01 -6.298076864776624983e-01
2.099715452144008676e-01 -6.134484579060315301e-01
2.230399680669447604e-01 -5.972091518073612271e-01
2.363872661947486464e-01 -5.810875331787646036e-01
2.499999999999997780e-01 -5.650837365475243068e-01
2.638644626136583682e-01 -5.491999825667888135e-01
2.779666936971130209e-01 -5.334402633591754928e-01
2.922924934990568380e-01 -5.178100142147625817e-01
3.068274371534356337e-01 -5.023157843731844707e-01
3.215568892040640003e-01 -4.869649160050744108e-01
3.364660183412890859e-01 -4.717652379099261939e-01
3.515398123358624005e-01 -4.567247784831611757e-01
3.667630931549822337e-01 -4.418515009900843005e-01
3.821205322452865261e-01 -4.271530630776267934e-01
3.975966659674047277e-01 -4.126366015757607641e-01
4.131759111665348483e-01 -3.983085429169304081e-01
4.288425808633573588e-01 -3.841744390557395583e-01
4.445809000494944097e-01 -3.702388282790689544e-01
4.603750215716055916e-01 -3.565051200507622919e-01
4.762090420881286423e-01 -3.429755027795098332e-01
4.920670180825961748e-01 -3.296508732266443253e-01
5.079329819174041027e-01 -3.165307861711201820e-01
5.237909579118711356e-01 -3.036134228580580352e-01
5.396249784283941864e-01 -2.908955767220264832e-01
5.554190999505054238e-01 -2.783726548498173248e-01
5.711574191366424191e-01 -2.660386936438543515e-01
5.868240888334650407e-01 -2.538863871567138553e-01
6.024033340325950503e-01 -2.419071265573957685e-01
6.178794677547136960e-01 -2.300910492314849343e-01
6.332369068450175442e-01 -2.184270959683802804e-01
6.484601876641370444e-01 -2.069030747333806541e-01
6.635339816587108031e-01 -1.955057294547473123e-01
6.784431107959358886e-01 -1.842208122411084226e-01
6.931725628465641442e-01 -1.730331573739254392e-01
7.077075065009430510e-01 -1.619267553410306260e-01
7.220333063028867571e-01 -1.508848250513792344e-01
7.361355373863414098e-01 -1.398898822436920319e-01
7.499999999999996669e-01 -1.289238019029872451e-01
7.636127338052511870e-01 -1.179678722771324573e-01
7.769600319330550731e-01 -1.070028377926548480e-01
7.900284547855989103e-01 -9.600892781412495580e-02
8.028048435688331930e-01 -8.496586773214565014e-02
8.152763335422610336e-01 -7.385286829617232485e-02
8.274303669726426058e-01 -6.264858835869846487e-02
8.392547057785657572e-01 -5.133106524664343695e-02
8.507374438531606353e-01 -3.987760569709664082e-02
8.618670190525350439e-01 -2.826462861274436911e-02
8.726322248378772795e-01 -1.646744860359383722e-02
8.830222215594889512e-01 -4.459986152683947935e-03
8.930265473713936419e-01 7.785614099263815646e-03
9.026351287655294264e-01 2.029948157442174050e-02
9.118382907149161776e-01 3.311466786014038988e-02
9.206267664155906028e-01 4.626799079110588409e-02
9.289917066174885329e-01 5.980113945786791341e-02
9.369246885348924136e-01 7.376213358259486874e-02
9.444177243274616274e-01 8.820727478428758150e-02
9.514632691433104750e-01 1.032037972610330145e-01
9.580542287160349613e-01 1.188335399497775224e-01
9.641839665080361721e-01 1.351981560790807002e-01
9.698463103929542140e-01 1.524267173246481866e-01
9.750355588704725518e-01 1.706871987190263784e-01
9.797464868072487398e-01 1.902045534738194821e-01
9.839743506981781795e-01 2.112906221334366341e-01
9.877148934427034677e-01 2.343967985397361620e-01
9.909643486313534089e-01 2.602143636156145634e-01
9.937194443381971443e-01 2.898862665009466211e-01
9.959774064153976703e-01 3.255205046156909310e-01
9.977359612865421834e-01 3.717030795199428583e-01
9.989933382359421632e-01 4.415229783281252596e-01
