9.989933382359421632e-01 4.486324091145738047e-01
9.977359612865421834e-01 3.819049829167826537e-01
9.959774064153976703e-01 3.388976605679477894e-01
9.937194443381971443e-01 3.065621322315166264e-01
9.909643486313534089e-01 2.803166306285580500e-01
9.877148934427034677e-01 2.580500165974127791e-01
9.839743506981781795e-01 2.386149859899374670e-01
9.797464868072487398e-01 2.213162025837220881e-01
9.750355588704725518e-01 2.056988726138408996e-01
9.698463103929542140e-01 1.914484430215994681e-01
9.641839665080361721e-01 1.783378809492427441e-01
9.580542287160349613e-01 1.661976959133325549e-01
9.514632691433104750e-01 1.548978041782370640e-01
9.444177243274616274e-01 1.443359963944399471e-01
9.369246885348924136e-01 1.344302993722992223e-01
9.289917066174885329e-01 1.251137442227209240e-01
9.206267664155906028e-01 1.163306817150192574e-01
9.118382907149161776e-01 1.080341271167856165e-01
9.026351287655294264e-01 1.001838108770995994e-01
8.930265473713936419e-01 9.274472629552799052e-02
8.830222215594889512e-01 8.568603554371345687e-02
8.726322248378772795e-01 7.898023967362977071e-02
8.618670190525350439e-01 7.260254689454270771e-02
8.507374438531606353e-01 6.653039237562374808e-02
8.392547057785657572e-01 6.074307566252279411e-02
8.274303669726426058e-01 5.522149064259085360e-02
8.152763335422610336e-01 4.994792918708912399e-02
8.028048435688331930e-01 4.490594402883230085e-02
7.900284547855989103e-01 4.008025961266981074e-02
7.769600319330550731e-01 3.545672202252125871e-02
7.636127338052511870e-01 3.102228081967894902e-02
7.499999999999996669e-01 2.676499696537426587e-02
7.361355373863414098e-01 2.267407200603444029e-02
7.220333063028867571e-01 1.873989450255642009e-02
7.077075065009430510e-01 1.495410030434585202e-02
6.931725628465641442e-01 1.130964377873022730e-02
6.784431107959358886e-01 7.800877526052740762e-03
6.635339816587108031e-01 4.423638442136668125e-03
6.484601876641370444e-01 1.175338285015703477e-03
6.332369068450175442e-01 -1.944942847274644393e-03
6.178794677547136960e-01 -4.936361513931508682e-03
6.024033340325950503e-01 -7.796215601362010972e-03
5.868240888334650407e-01 -1.051984969063313180e-02
5.711574191366424191e-01 -1.310056199027642698e-02
5.554190999505054238e-01 -1.552951356773490943e-02
5.396249784283941864e-01 -1.779564044624981634e-02
5.237909579118711356e-01 -1.988556900915527947e-02
5.079329819174041027e-01 -2.178353497586082987e-02
4.920670180825961748e-01 -2.347130605002378800e-02
4.762090420881286423e-01 -2.492810814084744919e-02
4.603750215716055916e-01 -2.613055482837323140e-02
4.445809000494944097e-01 -2.705257946665651225e-02
4.288425808633573588e-01 -2.766536900819316358e-02
4.131759111665348483e-01 -2.793729824130952721e-02
3.975966659674047277e-01 -2.783386267469034614e-02
3.821205322452865261e-01 -2.731760777145852970e-02
3.667630931549822337e-01 -2.634805158075792519e-02
3.515398123358624005e-01 -2.488159706591441811e-02
3.364660183412890859e-01 -2.287142953791265754e-02
3.215568892040640003e-01 -2.026739357231854832e-02
3.068274371534356337e-01 -1.701584256450772159e-02
2.922924934990568380e-01 -1.305945271895603277e-02
2.779666936971130209e-01 -8.336991619671829667e-03
2.638644626136583682e-01 -2.783029725811347888e-03
2.499999999999997780e-01 3.672418982256120401e-03
2.363872661947486464e-01 1.110434334224896791e-02
2.230399680669447604e-01 1.959328713537344946e-02
2.099715452144008676e-01 2.922602870443846701e-02
1.971951564311666405e-01 4.009641293468879653e-02
1.847236664577387999e-01 5.230636365636531782e-02
1.725696330273573942e-01 6.596710761360169428e-02
1.607452942214338543e-01 8.120064349167110951e-02
1.492625561468393647e-01 9.814149031552488189e-02
1.381329809474648451e-01 1.169387472044116638e-01
1.273677751621226095e-01 1.377584882112614650e-01
1.169777784405109378e-01 1.607864970356446266e-01
1.069734526286063026e-01 1.862313085049591699e-01
9.736487123447062908e-02 2.143274525644399686e-01
8.816170928508360038e-02 2.453386675078872425e-01
7.937323358440939725e-02 2.795606193206621182e-01
7.100829338251141154e-02 3.173222586435261450e-01
6.307531146510747533e-02 3.589842348682703577e-01
5.558227567253826162e-02 4.049315378431832535e-01
4.853673085668941400e-02 4.555553458505592346e-01
4.194577128396520527e-02 5.112152124653029928e-01
3.581603349196366137e-02 5.721659934077660825e-01
3.015368960704578605e-02 6.384222333018945150e-01
2.496444112952733718e-02 7.095128767420784133e-01
2.025351319275126016e-02 7.840469174013171560e-01
1.602564930182182046e-02 8.589633093723416657e-01
1.228510655729647683e-02 9.282860760732073446e-01
9.035651368646646642e-03 9.812056955650941825e-01
6.280555661802800227e-03 9.995530771696460315e-01
4.022593584602329742e-03 9.556813119265483714e-01
2.264038713457705576e-03 8.139989618275104144e-01
1.006661764057781294e-03 5.419323532796682663e-01
2.517288084074031929e-04 1.325955660062048125e-01
0.000000000000000000e+00 -3.791669604187402065e-01
2.517288084074031929e-04 -9.283438294202264185e-01
1.006661764057781294e-03 -1.411176248794283161e+00
2.264038713457705576e-03 -1.759413580008781341e+00
4.022593584602329742e-03 -1.963590438581607867e+00
6.280555661802800227e-03 -2.051365777345763419e+00
9.035651368646646642e-03 -2.060044393491679227e+00
1.228510655729647683e-02 -2.021195902647561660e+00
1.602564930182182046e-02 -1.956830814171995225e+00
2.025351319275126016e-02 -1.880765605882595004e+00
2.496444112952733718e-02 -1.801103129600239772e+00
3.015368960704578605e-02 -1.722328172896219645e+00
3.581603349196366137e-02 -1.646751583416967257e+00
4.194577128396520527e-02 -1.575421579114760995e+00
4.853673085668941400e-02 -1.508674244716726953e+00
5.558227567253826162e-02 -1.446458274241848585e+00
6.307531146510747533e-02 -1.388523642092545085e+00
7.100829338251141154e-02 -1.334529732734903718e+00
7.937323358440939725e-02 -1.284106224995376078e+00
8.816170928508360038e-02 -1.236886409102589290e+00
9.736487123447062908e-02 -1.192524500841027457e+00
1.069734526286063026e-01 -1.150703738693611200e+00
1.169777784405109378e-01 -1.111139245471178594e+00
1.273677751621226095e-01 -1.073577988768514846e+00
1.381329809474648451e-01 -1.037797205064230788e+00
1.492625561468393647e-01 -1.003602079876344089e+00
1.607452942214338543e-01 -9.708231380544918299e-01
1.725696330273573942e-01 -9.393135982820088881e-01
1.847236664577387999e-01 -9.089468280787533772e-01
1.971951564311666405e-01 -8.796139668017102231e-01
2.099715452144008676e-01 -8.512217445188603460e-01
2.230399680669447604e-01 -8.236905024592553470e-01
2.363872661947486464e-01 -7.969524088260584449e-01
2.499999999999997780e-01 -7.709498579003815077e-01
2.638644626136583682e-01 -7.456340379830062037e-01
2.779666936971130209e-01 -7.209636532449013036e-01
2.922924934990568380e-01 -6.969037850997670258e-01
3.068274371534356337e-01 -6.734248797760220562e-01
3.215568892040640003e-01 -6.505018499191483894e-01
3.364660183412890859e-01 -6.281132792962924594e-01
3.515398123358624005e-01 -6.062407208034108486e-01
3.667630931549822337e-01 -5.848680789612612507e-01
3.821205322452865261e-01 -5.639810690088842282e-01
3.975966659674047277e-01 -5.435667454780668262e-01
4.131759111665348483e-01 -5.236130937557088583e-01
4.288425808633573588e-01 -5.041086788092128401e-01
4.445809000494944097e-01 -4.850423456660759580e-01
4.603750215716055916e-01 -4.664029667529614454e-01
4.762090420881286423e-01 -4.481792315700277030e-01
4.920670180825961748e-01 -4.303594745289263113e-01
5.079329819174041027e-01 -4.129315371212149977e-01
5.237909579118711356e-01 -3.958826608611860642e-01
5.396249784283941864e-01 -3.791994077206468639e-01
5.554190999505054238e-01 -3.628676050091157457e-01
5.711574191366424191e-01 -3.468723118688588070e-01
5.868240888334650407e-01 -3.311978047518773227e-01
6.024033340325950503e-01 -3.158275793939389064e-01
6.178794677547136960e-01 -3.007443669787313034e-01
6.332369068450175442e-01 -2.859301622499839102e-01
6.484601876641370444e-01 -2.713662614739527079e-01
6.635339816587108031e-01 -2.570333081702069755e-01
6.784431107959358886e-01 -2.429113445872377319e-01
6.931725628465641442e-01 -2.289798668910125734e-01
7.077075065009430510e-01 -2.152178820110985935e-01
7.220333063028867571e-01 -2.016039640101663366e-01
7.361355373863414098e-01 -1.881163077585967791e-01
7.499999999999996669e-01 -1.747327775348337386e-01
7.636127338052511870e-01 -1.614309479852225060e-01
7.769600319330550731e-01 -1.481881346164255486e-01
7.900284547855989103e-01 -1.349814106691609172e-01
8.028048435688331930e-01 -1.217876067920729000e-01
8.152763335422610336e-01 -1.085832893951113043e-01
8.274303669726426058e-01 -9.534471284133783087e-02
8.392547057785657572e-01 -8.204773971632084439e-02
8.507374438531606353e-01 -6.866772216847283339e-02
8.618670190525350439e-01 -5.517933566787047717e-02
8.726322248378772795e-01 -4.155635428401627252e-02
8.830222215594889512e-01 -2.777135350263493230e-02
8.930265473713936419e-01 -1.379532231836710920e-02
9.026351287655294264e-01 4.028397032710406833e-04
9.118382907149161776e-01 1.485697335543978426e-02
9.206267664155906028e-01 2.960450425953842224e-02
9.289917066174885329e-01 4.468754508589478647e-02
9.369246885348924136e-01 6.015434796303131826e-02
9.444177243274616274e-01 7.606124319849694171e-02
9.514632691433104750e-01 9.247526983494425146e-02
9.580542287160349613e-01 1.094778171465965455e-01
9.641839665080361721e-01 1.271697884845837123e-01
9.698463103929542140e-01 1.456791375427096691e-01
9.750355588704725518e-01 1.651722513873268294e-01
9.797464868072487398e-01 1.858718688599683144e-01
9.839743506981781795e-01 2.080867407734759977e-01
9.877148934427034677e-01 2.322638787291456675e-01
9.909643486313534089e-01 2.590881383769448876e-01
9.937194443381971443e-01 2.896925108000477644e-01
9.959774064153976703e-01 3.261681056083918229e-01
9.977359612865421834e-01 3.730676590258584779e-01
9.989933382359421632e-01 4.433943869248261338e-01
