9.989933382359421632e-01 4.551833039881825194e-01
9.977359612865421834e-01 3.899845398071013491e-01
9.959774064153976703e-01 3.483502164984165761e-01
9.937194443381971443e-01 3.173445695892201934e-01
9.909643486313534089e-01 2.924218841757887377e-01
9.877148934427034677e-01 2.714858409860275712e-01
9.839743506981781795e-01 2.533962274260226355e-01
9.797464868072487398e-01 2.374614633144699338e-01
9.750355588704725518e-01 2.232288992694507757e-01
9.698463103929542140e-01 2.103852865645515768e-01
9.641839665080361721e-01 1.987044378716642523e-01
9.580542287160349613e-01 1.880174531912153224e-01
9.514632691433104750e-01 1.781947006232936781e-01
9.444177243274616274e-01 1.691343546523288444e-01
9.369246885348924136e-01 1.607548033851839975e-01
9.289917066174885329e-01 1.529894477167648148e-01
9.206267664155906028e-01 1.457830391353160948e-01
9.118382907149161776e-01 1.390890417407742996e-01
9.026351287655294264e-01 1.328676967553098498e-01
8.930265473713936419e-01 1.270845817953020207e-01
8.830222215594889512e-01 1.217095269411025971e-01
8.726322248378772795e-01 1.167157936323170997e-01
8.618670190525350439e-01 1.120794508982742022e-01
8.507374438531606353e-01 1.077789023063432383e-01
8.392547057785657572e-01 1.037945297796110111e-01
8.274303669726426058e-01 1.001084292443645829e-01
8.152763335422610336e-01 9.670421924024108495e-02
8.028048435688331930e-01 9.356690804429346198e-02
7.900284547855989103e-01 9.068280803525041733e-02
7.769600319330550731e-01 8.803948838973862934e-02
7.636127338052511870e-01 8.562575893598567411e-02
7.499999999999996669e-01 8.343167933316486540e-02
7.361355373863414098e-01 8.144858875455385228e-02
7.220333063028867571e-01 7.966915206097346935e-02
7.077075065009430510e-01 7.808741907655258885e-02
6.931725628465641442e-01 7.669889409269936564e-02
6.784431107959358886e-01 7.550061315129663608e-02
6.635339816587108031e-01 7.449122699391697022e-02
6.484601876641370444e-01 7.367108786219800365e-02
6.332369068450175442e-01 7.304233858746878028e-02
6.178794677547136960e-01 7.260900261772029740e-02
6.024033340325950503e-01 7.237707381931535178e-02
5.868240888334650407e-01 7.235460506475344111e-02
5.711574191366424191e-01 7.255179477352813322e-02
5.554190999505054238e-01 7.298107070692405607e-02
5.396249784283941864e-01 7.365717047790643068e-02
5.237909579118711356e-01 7.459721835727806116e-02
5.079329819174041027e-01 7.582079812242870087e-02
4.920670180825961748e-01 7.735002184353390042e-02
4.762090420881286423e-01 7.920959467837807022e-02
4.603750215716055916e-01 8.142687594374098392e-02
4.445809000494944097e-01 8.403193696219679598e-02
4.288425808633573588e-01 8.705761643092102542e-02
4.131759111665348483e-01 9.053957436340642762e-02
3.975966659674047277e-01 9.451634599557889871e-02
3.821205322452865261e-01 9.902939742206240403e-02
3.667630931549822337e-01 1.041231851710008316e-01
3.515398123358624005e-01 1.098452223933982230e-01
3.364660183412890859e-01 1.162461548579162285e-01
3.215568892040640003e-01 1.233798504747822822e-01
3.068274371534356337e-01 1.313035066321937006e-01
2.922924934990568380e-01 1.400777801095932640e-01
2.779666936971130209e-01 1.497669448046042850e-01
2.638644626136583682e-01 1.604390827496050553e-01
2.499999999999997780e-01 1.721663139115031660e-01
2.363872661947486464e-01 1.850250698044670905e-01
2.230399680669447604e-01 1.990964147884605184e-01
2.099715452144008676e-01 2.144664166384382398e-01
1.971951564311666405e-01 2.312265640238047038e-01
1.847236664577387999e-01 2.494742219473207179e-01
1.725696330273573942e-01 2.693131057149577012e-01
1.607452942214338543e-01 2.908537374275265153e-01
1.492625561468393647e-01 3.142138231769563417e-01
1.381329809474648451e-01 3.395184490517632048e-01
1.273677751621226095e-01 3.668999318585665081e-01
1.169777784405109378e-01 3.964970638148533899e-01
1.069734526286063026e-01 4.284533397011194289e-01
9.736487123447062908e-02 4.629135185494814841e-01
8.816170928508360038e-02 5.000174990925063678e-01
7.937323358440939725e-02 5.398898960259124191e-01
7.100829338251141154e-02 5.826227572789181020e-01
6.307531146510747533e-02 6.282473381703295168e-01
5.558227567253826162e-02 6.766883803562655508e-01
4.853673085668941400e-02 7.276903328382956504e-01
4.194577128396520527e-02 7.806984356268747982e-01
3.581603349196366137e-02 8.346670725457905338e-01
3.015368960704578605e-02 8.877511700608912149e-01
2.496444112952733718e-02 9.368112833793611482e-01
2.025351319275126016e-02 9.766287795474948297e-01
1.602564930182182046e-02 9.986928657439050339e-01
1.228510655729647683e-02 9.894261944550243326e-01
9.035651368646646642e-03 9.278874199501279119e-01
6.280555661802800227e-03 7.836448968846589924e-01
4.022593584602329742e-03 5.172109046305399804e-01
2.264038713457705576e-03 8.830510607448538440e-02
1.006661764057781294e-03 -5.218750214560767819e-01
2.517288084074031929e-04 -1.279113927417240948e+00
0.000000000000000000e+00 -2.093286636495985675e+00
2.517288084074031929e-04 -2.860422323077961959e+00
1.006661764057781294e-03 -3.432943310003967241e+00
2.264038713457705576e-03 -3.747313474446772652e+00
4.022593584602329742e-03 -3.833903728490023255e+00
6.280555661802800227e-03 -3.763687043019453782e+00
9.035651368646646642e-03 -3.605033423465788367e+00
1.228510655729647683e-02 -3.406716163824417443e+00
1.602564930182182046e-02 -3.198190488016012800e+00
2.025351319275126016e-02 -2.995219597556810776e+00
2.496444112952733718e-02 -2.805210349735528297e+00
3.015368960704578605e-02 -2.630898861668494959e+00
3.581603349196366137e-02 -2.472584037779673949e+00
4.194577128396520527e-02 -2.329390879035774020e+00
4.853673085668941400e-02 -2.199953560827510923e+00
5.558227567253826162e-02 -2.082770139245789576e+00
6.307531146510747533e-02 -1.976377289055206266e+00
7.100829338251141154e-02 -1.879428735592469923e+00
7.937323358440939725e-02 -1.790723444936400011e+00
8.816170928508360038e-02 -1.709208558500928454e+00
9.736487123447062908e-02 -1.633970445757833900e+00
1.069734526286063026e-01 -1.564220910780977913e+00
1.169777784405109378e-01 -1.499282152183470718e+00
1.273677751621226095e-01 -1.438572227319986574e+00
1.381329809474648451e-01 -1.381591789634246226e+00
1.492625561468393647e-01 -1.327912357564416279e+00
1.607452942214338543e-01 -1.277166118716256182e+00
1.725696330273573942e-01 -1.229037155460414699e+00
1.847236664577387999e-01 -1.183253932930351304e+00
1.971951564311666405e-01 -1.139582882135884656e+00
2.099715452144008676e-01 -1.097822920283899606e+00
2.230399680669447604e-01 -1.057800767236309003e+00
2.363872661947486464e-01 -1.019366935886439673e+00
2.499999999999997780e-01 -9.823922925279222618e-01
2.638644626136583682e-01 -9.467650998326151424e-01
2.779666936971130209e-01 -9.123884694040444998e-01
2.922924934990568380e-01 -8.791781630481738663e-01
3.068274371534356337e-01 -8.470606921191796701e-01
3.215568892040640003e-01 -8.159716726678898358e-01
3.364660183412890859e-01 -7.858544010775803113e-01
3.515398123358624005e-01 -7.566586205436578449e-01
3.667630931549822337e-01 -7.283394533628515521e-01
3.821205322452865261e-01 -7.008564778293719932e-01
3.975966659674047277e-01 -6.741729316491813506e-01
4.131759111665348483e-01 -6.482550263006303659e-01
4.288425808633573588e-01 -6.230713589776846195e-01
4.445809000494944097e-01 -5.985924104226965081e-01
4.603750215716055916e-01 -5.747901185005097613e-01
4.762090420881286423e-01 -5.516375185842878892e-01
4.920670180825961748e-01 -5.291084428760295388e-01
5.079329819174041027e-01 -5.071772717058276037e-01
5.237909579118711356e-01 -4.858187306146559692e-01
5.396249784283941864e-01 -4.650077277039597057e-01
5.554190999505054238e-01 -4.447192263098131981e-01
5.711574191366424191e-01 -4.249281485603415565e-01
5.868240888334650407e-01 -4.056093058123013684e-01
6.024033340325950503e-01 -3.867373523127550783e-01
6.178794677547136960e-01 -3.682867587817282296e-01
6.332369068450175442e-01 -3.502318028205764211e-01
6.484601876641370444e-01 -3.325465733194916673e-01
6.635339816587108031e-01 -3.152049861585737300e-01
6.784431107959358886e-01 -2.981808086448560768e-01
6.931725628465641442e-01 -2.814476901978744117e-01
7.077075065009430510e-01 -2.649791968398189645e-01
7.220333063028867571e-01 -2.487488470261018936e-01
7.361355373863414098e-01 -2.327301463204269893e-01
7.499999999999996669e-01 -2.168966183034439776e-01
7.636127338052511870e-01 -2.012218289593570297e-01
7.769600319330550731e-01 -1.856794015628451255e-01
7.900284547855989103e-01 -1.702430188012178380e-01
8.028048435688331930e-01 -1.548864084711734090e-01
8.152763335422610336e-01 -1.395833085856688083e-01
8.274303669726426058e-01 -1.243074070402319098e-01
8.392547057785657572e-01 -1.090322501055254190e-01
8.507374438531606353e-01 -9.373111280636758913e-02
8.618670190525350439e-01 -7.837682264606127269e-02
8.726322248378772795e-01 -6.294152593869317691e-02
8.830222215594889512e-01 -4.739638299319226533e-02
8.930265473713936419e-01 -3.171117418617108719e-02
9.026351287655294264e-01 -1.585379301550249309e-02
9.118382907149161776e-01 2.104062958429020469e-04
9.206267664155906028e-01 1.651945148351918746e-02
9.289917066174885329e-01 3.311584845709936165e-02
9.369246885348924136e-01 5.004802214442194419e-02
9.444177243274616274e-01 6.737223618840693096e-02
9.514632691433104750e-01 8.515519425657280816e-02
9.580542287160349613e-01 1.034776379281135972e-01
9.641839665080361721e-01 1.224394461547808621e-01
9.698463103929542140e-01 1.421670760528735977e-01
9.750355588704725518e-01 1.628248020425127063e-01
9.797464868072487398e-01 1.846324113086648122e-01
9.839743506981781795e-01 2.078945044494797667e-01
9.877148934427034677e-01 2.330521316916737140e-01
9.909643486313534089e-01 2.607812521383581217e-01
9.937194443381971443e-01 2.922007450539125806e-01
9.959774064153976703e-01 3.293770760746136395e-01
9.977359612865421834e-01 3.768126899124323304e-01
9.989933382359421632e-01 4.473761394121379409e-01
