-2.767999999999999794e+00 0.000000000000000000e+00
-2.740180904522612870e+00 2.123021535827905246e-02
-2.712361809045225947e+00 2.915752528960945458e-02
-2.684542713567839023e+00 3.480886539586118544e-02
-2.656723618090452099e+00 3.928751858065990948e-02
-2.628904522613065176e+00 4.302278054065695329e-02
-2.601085427135678252e+00 4.623238441839506302e-02
-2.573266331658291328e+00 4.904389662991575499e-02
-2.545447236180904405e+00 5.153984688266077113e-02
-2.517628140703517481e+00 5.377781524438287469e-02
-2.489809045226130557e+00 5.580039930752157123e-02
-2.461989949748743634e+00 5.764053495053079318e-02
-2.434170854271356710e+00 5.932450143483567612e-02
-2.406351758793969786e+00 6.087370920601985202e-02
-2.378532663316582862e+00 6.230582485134323473e-02
-2.350713567839195939e+00 6.363552584299007886e-02
-2.322894472361809015e+00 6.487504348043449109e-02
-2.295075376884422091e+00 6.603458059817955694e-02
-2.267256281407035168e+00 6.712265113041172848e-02
-2.239437185929648244e+00 6.814636672834141484e-02
-2.211618090452261320e+00 6.911168357971018972e-02
-2.183798994974874397e+00 7.002361615081517665e-02
-2.155979899497487473e+00 7.088642135555765778e-02
-2.128160804020100549e+00 7.170375525150658735e-02
-2.100341708542713626e+00 7.247880393908244512e-02
-2.072522613065326702e+00 7.321439040254873465e-02
-2.044703517587939778e+00 7.391305928972559391e-02
-2.016884422110552855e+00 7.457714191542279270e-02
-1.989065326633165709e+00 7.520880400330083593e-02
-1.961246231155778785e+00 7.581007881200423071e-02
-1.933427135678391862e+00 7.638288831304226867e-02
-1.905608040201004938e+00 7.692905500630041471e-02
-1.877788944723617792e+00 7.745030678990699746e-02
-1.849969849246230869e+00 7.794827706441463666e-02
-1.822150753768843945e+00 7.842450196790523576e-02
-1.794331658291457021e+00 7.888041632875288089e-02
-1.766512562814070098e+00 7.931734960428236947e-02
-1.738693467336683174e+00 7.973652276157662533e-02
-1.710874371859296250e+00 8.013904676332121724e-02
-1.683055276381909326e+00 8.052592305592483346e-02
-1.655236180904522403e+00 8.089804622549179314e-02
-1.627417085427135701e+00 8.125620879325538837e-02
-1.599597989949748778e+00 8.160110796729963534e-02
-1.571778894472361632e+00 8.193335405144387684e-02
-1.543959798994974708e+00 8.225348013316281792e-02
-1.516140703517587784e+00 8.256195262735561979e-02
-1.488321608040200861e+00 8.285918223781153780e-02
-1.460502512562813937e+00 8.314553490895752741e-02
-1.432683417085427235e+00 8.342134237224939353e-02
-1.404864321608040312e+00 8.368691193964324093e-02
-1.377045226130653388e+00 8.394253525634268187e-02
-1.349226130653266242e+00 8.418849579210084533e-02
-1.321407035175879319e+00 8.442507492078850373e-02
-1.293587939698492395e+00 8.465255650819634992e-02
-1.265768844221105471e+00 8.487122999511090282e-02
-1.237949748743718548e+00 8.508139202412062785e-02
-1.210130653266331624e+00 8.528334671244776344e-02
-1.182311557788944700e+00 8.547740471797907191e-02
-1.154492462311557777e+00 8.566388128070852315e-02
-1.126673366834170853e+00 8.584309344660968899e-02
-1.098854271356783929e+00 8.601535669554449814e-02
-1.071035175879397006e+00 8.618098119959176351e-02
-1.043216080402010082e+00 8.634026793384615150e-02
-1.015396984924623158e+00 8.649350484926852933e-02
-9.875778894472360125e-01 8.664096329771366067e-02
-9.597587939698490889e-01 8.678289487411698644e-02
-9.319396984924621652e-01 8.691952881136030817e-02
-9.041206030150752415e-01 8.705107003095489959e-02
-8.763015075376883178e-01 8.717769791875538965e-02
-8.484824120603013942e-01 8.729956586077064484e-02
-8.206633165829144705e-01 8.741680154098033229e-02
-7.928442211055275468e-01 8.752950797199308963e-02
-7.650251256281404011e-01 8.763776520133473302e-02
-7.372060301507534774e-01 8.774163261190430496e-02
-7.093869346733665537e-01 8.784115171528109056e-02
-6.815678391959796301e-01 8.793634932151903061e-02
-6.537487437185927064e-01 8.802724095905815893e-02
-6.259296482412057827e-01 8.811383441347531154e-02
-5.981105527638188590e-01 8.819613325387364033e-02
-5.702914572864319354e-01 8.827414022051464915e-02
-5.424723618090450117e-01 8.834786035642934465e-02
-5.146532663316585321e-01 8.841730377869330693e-02
-4.868341708542716084e-01 8.848248800120914193e-02
-4.590150753768846847e-01 8.854343973953017477e-02
-4.311959798994977611e-01 8.860019614875558336e-02
-4.033768844221108374e-01 8.865280546708161069e-02
-3.755577889447234696e-01 8.870132705944788754e-02
-3.477386934673365460e-01 8.874583087714894847e-02
-3.199195979899496223e-01 8.878639636958750303e-02
-2.921005025125626986e-01 8.882311090290104238e-02
-2.642814070351757749e-01 8.885606775643387079e-02
-2.364623115577888512e-01 8.888536378148212402e-02
-2.086432160804019276e-01 8.891109681703909806e-02
-1.808241206030150039e-01 8.893336296413950626e-02
-1.530050251256280802e-01 8.895225382369782718e-02
-1.251859296482411565e-01 8.896785380240357366e-02
-9.736683417085467696e-02 8.898023758735384980e-02
-6.954773869346730919e-02 8.898946788283865206e-02
-4.172864321608082960e-02 8.899559349232791239e-02
-1.390954773869346184e-02 8.899864781560587468e-02
1.390954773869301775e-02 8.899864781560587468e-02
4.172864321608038551e-02 8.899559349232791239e-02
6.954773869346730919e-02 8.898946788283865206e-02
9.736683417085423287e-02 8.898023758735384980e-02
1.251859296482411565e-01 8.896785380240357366e-02
1.530050251256280802e-01 8.895225382369782718e-02
1.808241206030150039e-01 8.893336296413950626e-02
2.086432160804019276e-01 8.891109681703909806e-02
2.364623115577888512e-01 8.888536378148213790e-02
2.642814070351757749e-01 8.885606775643385691e-02
2.921005025125626986e-01 8.882311090290104238e-02
3.199195979899500664e-01 8.878639636958750303e-02
3.477386934673365460e-01 8.874583087714894847e-02
3.755577889447239137e-01 8.870132705944790141e-02
4.033768844221103933e-01 8.865280546708161069e-02
4.311959798994977611e-01 8.860019614875558336e-02
4.590150753768842407e-01 8.854343973953016089e-02
4.868341708542716084e-01 8.848248800120914193e-02
5.146532663316580880e-01 8.841730377869329305e-02
5.424723618090454558e-01 8.834786035642934465e-02
5.702914572864319354e-01 8.827414022051464915e-02
5.981105527638193031e-01 8.819613325387364033e-02
6.259296482412057827e-01 8.811383441347531154e-02
6.537487437185931505e-01 8.802724095905814505e-02
6.815678391959796301e-01 8.793634932151901673e-02
7.093869346733669978e-01 8.784115171528109056e-02
7.372060301507534774e-01 8.774163261190431884e-02
7.650251256281408452e-01 8.763776520133473302e-02
7.928442211055277689e-01 8.752950797199310351e-02
8.206633165829142484e-01 8.741680154098033229e-02
8.484824120603016162e-01 8.729956586077064484e-02
8.763015075376880958e-01 8.717769791875538965e-02
9.041206030150754636e-01 8.705107003095489959e-02
9.319396984924619431e-01 8.691952881136029430e-02
9.597587939698493109e-01 8.678289487411695868e-02
9.875778894472357905e-01 8.664096329771363292e-02
1.015396984924623158e+00 8.649350484926848770e-02
1.043216080402009638e+00 8.634026793384612375e-02
1.071035175879397006e+00 8.618098119959173575e-02
1.098854271356783485e+00 8.601535669554447039e-02
1.126673366834170853e+00 8.584309344660963348e-02
1.154492462311557333e+00 8.566388128070850927e-02
1.182311557788944700e+00 8.547740471797905804e-02
1.210130653266331624e+00 8.528334671244774956e-02
1.237949748743718992e+00 8.508139202412060009e-02
1.265768844221105027e+00 8.487122999511090282e-02
1.293587939698492839e+00 8.465255650819630828e-02
1.321407035175878875e+00 8.442507492078847597e-02
1.349226130653266686e+00 8.418849579210081757e-02
1.377045226130652722e+00 8.394253525634265412e-02
1.404864321608040534e+00 8.368691193964318542e-02
1.432683417085426569e+00 8.342134237224937965e-02
1.460502512562814381e+00 8.314553490895749965e-02
1.488321608040200417e+00 8.285918223781151004e-02
1.516140703517588229e+00 8.256195262735557816e-02
1.543959798994975152e+00 8.225348013316280404e-02
1.571778894472362076e+00 8.193335405144386296e-02
1.599597989949749000e+00 8.160110796729960758e-02
1.627417085427135923e+00 8.125620879325536061e-02
1.655236180904522847e+00 8.089804622549176538e-02
1.683055276381909771e+00 8.052592305592477795e-02
1.710874371859296694e+00 8.013904676332118948e-02
1.738693467336682730e+00 7.973652276157659757e-02
1.766512562814070542e+00 7.931734960428232784e-02
1.794331658291456577e+00 7.888041632875285314e-02
1.822150753768844389e+00 7.842450196790520800e-02
1.849969849246230424e+00 7.794827706441463666e-02
1.877788944723618236e+00 7.745030678990695583e-02
1.905608040201004272e+00 7.692905500630038695e-02
1.933427135678392084e+00 7.638288831304222704e-02
1.961246231155778119e+00 7.581007881200420295e-02
1.989065326633165931e+00 7.520880400330079429e-02
2.016884422110552855e+00 7.457714191542276494e-02
2.044703517587939778e+00 7.391305928972556616e-02
2.072522613065326702e+00 7.321439040254870689e-02
2.100341708542713626e+00 7.247880393908241736e-02
2.128160804020100549e+00 7.170375525150654572e-02
2.155979899497487473e+00 7.088642135555763002e-02
2.183798994974874397e+00 7.002361615081514890e-02
2.211618090452261320e+00 6.911168357971016196e-02
2.239437185929648244e+00 6.814636672834138709e-02
2.267256281407035168e+00 6.712265113041170073e-02
2.295075376884422091e+00 6.603458059817952919e-02
2.322894472361809015e+00 6.487504348043446334e-02
2.350713567839195939e+00 6.363552584299005110e-02
2.378532663316581974e+00 6.230582485134326942e-02
2.406351758793969786e+00 6.087370920601983815e-02
2.434170854271356710e+00 5.932450143483566918e-02
2.461989949748743634e+00 5.764053495053077236e-02
2.489809045226130557e+00 5.580039930752155736e-02
2.517628140703517481e+00 5.377781524438285388e-02
2.545447236180904405e+00 5.153984688266075725e-02
2.573266331658290440e+00 4.904389662991583132e-02
2.601085427135678252e+00 4.623238441839504914e-02
2.628904522613065176e+00 4.302278054065693941e-02
2.656723618090452099e+00 3.928751858065990255e-02
2.684542713567838135e+00 3.480886539586130340e-02
2.712361809045225947e+00 2.915752528960945458e-02
2.740180904522612870e+00 2.123021535827903164e-02
2.767999999999999794e+00 7.195831086718501087e-18
