-1.000000000000000000e+00 0.000000000000000000e+00
-9.899497487437185494e-01 1.095425316420229472e-02
-9.798994974874372099e-01 1.524366601363906504e-02
-9.698492462311557594e-01 1.840524503554069949e-02
-9.597989949748744198e-01 2.098086028549078080e-02
-9.497487437185929693e-01 2.318155498009570950e-02
-9.396984924623115187e-01 2.511531023254524528e-02
-9.296482412060301792e-01 2.684603055787227258e-02
-9.195979899497487287e-01 2.841532877557022274e-02
-9.095477386934673891e-01 2.985225060555616455e-02
-8.994974874371859386e-01 3.117816536623212870e-02
-8.894472361809044880e-01 3.240943840561982814e-02
-8.793969849246231485e-01 3.355898706281163629e-02
-8.693467336683416979e-01 3.463723646743156054e-02
-8.592964824120603584e-01 3.565273648475521251e-02
-8.492462311557789079e-01 3.661257967596633772e-02
-8.391959798994974573e-01 3.752269823951907834e-02
-8.291457286432161178e-01 3.838808467786525291e-02
-8.190954773869346672e-01 3.921296241676994893e-02
-8.090452261306533277e-01 4.000092200869655862e-02
-7.989949748743718771e-01 4.075503239036586123e-02
-7.889447236180904266e-01 4.147793305702978522e-02
-7.788944723618089760e-01 4.217191090707545637e-02
-7.688442211055276365e-01 4.283896428913445270e-02
-7.587939698492462970e-01 4.348085608732512458e-02
-7.487437185929648464e-01 4.409915728996161716e-02
-7.386934673366833959e-01 4.469528227016778682e-02
-7.286432160804019453e-01 4.527051688276876457e-02
-7.185929648241206058e-01 4.582604040244821902e-02
-7.085427135678392663e-01 4.636294226559660447e-02
-6.984924623115578157e-01 4.688223451741697217e-02
-6.884422110552763652e-01 4.738486079951485103e-02
-6.783919597989949146e-01 4.787170263903523654e-02
-6.683417085427135751e-01 4.834358371891311207e-02
-6.582914572864322356e-01 4.880127272199046018e-02
-6.482412060301507850e-01 4.924548525232044782e-02
-6.381909547738693345e-01 4.967688524777080783e-02
-6.281407035175878839e-01 5.009608621171151438e-02
-6.180904522613065444e-01 5.050365251041477599e-02
-6.080402010050252049e-01 5.090010090862811393e-02
-5.979899497487437543e-01 5.128590244993268960e-02
-5.879396984924623037e-01 5.166148473181371437e-02
-5.778894472361808532e-01 5.202723457824775383e-02
-5.678391959798995137e-01 5.238350107506517528e-02
-5.577889447236180631e-01 5.273059890505790021e-02
-5.477386934673367236e-01 5.306881190019050593e-02
-5.376884422110552730e-01 5.339839671655623177e-02
-5.276381909547738225e-01 5.371958653297295022e-02
-5.175879396984924830e-01 5.403259467532792876e-02
-5.075376884422110324e-01 5.433761807489892459e-02
-4.974874371859296929e-01 5.463484047885443229e-02
-4.874371859296482423e-01 5.492443534394792631e-02
-4.773869346733667918e-01 5.520656835911480487e-02
-4.673366834170854522e-01 5.548139955838442272e-02
-4.572864321608040017e-01 5.574908500145580453e-02
-4.472361809045226622e-01 5.600977801478917995e-02
-4.371859296482412116e-01 5.626363000057898328e-02
-4.271356783919597611e-01 5.651079083405686349e-02
-4.170854271356784215e-01 5.675140888089507535e-02
-4.070351758793969710e-01 5.698563067581501052e-02
-3.969849246231156314e-01 5.721360031072651731e-02
-3.869346733668341809e-01 5.743545858579179875e-02
-3.768844221105527303e-01 5.765134197976225228e-02
-3.668341708542713908e-01 5.786138149688311444e-02
-3.567839195979899403e-01 5.806570144675934214e-02
-3.467336683417084897e-01 5.826441821103087171e-02
-3.366834170854271502e-01 5.845763904674870781e-02
-3.266331658291456996e-01 5.864546097123248675e-02
-3.165829145728643601e-01 5.882796976718819570e-02
-3.065326633165829096e-01 5.900523914023891869e-02
-2.964824120603014590e-01 5.917733005403063434e-02
-2.864321608040201195e-01 5.934429026096224580e-02
-2.763819095477386689e-01 5.950615403958035149e-02
-2.663316582914573294e-01 5.966294214297339360e-02
-2.562814070351758788e-01 5.981466195626664734e-02
-2.462311557788944283e-01 5.996130785570150112e-02
-2.361809045226130888e-01 6.010286175688651922e-02
-2.261306532663316382e-01 6.023929383571115237e-02
-2.160804020100502987e-01 6.037056340215904426e-02
-2.060301507537688481e-01 6.049661990486398383e-02
-1.959798994974873976e-01 6.061740404270282018e-02
-1.859296482412060580e-01 6.073284895897929081e-02
-1.758793969849246075e-01 6.084288149376211596e-02
-1.658291457286432680e-01 6.094742347062094556e-02
-1.557788944723618174e-01 6.104639299526586071e-02
-1.457286432160803669e-01 6.113970574533666991e-02
-1.356783919597990273e-01 6.122727623269890590e-02
-1.256281407035175768e-01 6.130901902197778003e-02
-1.155778894472361262e-01 6.138484989158494998e-02
-1.055276381909547867e-01 6.145468692606599614e-02
-9.547738693467333615e-02 6.151845153112069087e-02
-8.542713567839199662e-02 6.157606936503605410e-02
-7.537688442211054607e-02 6.162747118245198719e-02
-6.532663316582909552e-02 6.167259358829050436e-02
-5.527638190954775599e-02 6.171137970127620054e-02
-4.522613065326630544e-02 6.174377972773274770e-02
-3.517587939698496591e-02 6.176975144724156097e-02
-2.512562814070351536e-02 6.178926061230199246e-02
-1.507537688442206480e-02 6.180228126435206165e-02
-5.025125628140725276e-03 6.180879596843100177e-02
5.025125628140614253e-03 6.180879596843100177e-02
1.507537688442206480e-02 6.180228126435206165e-02
2.512562814070351536e-02 6.178926061230199246e-02
3.517587939698496591e-02 6.176975144724156097e-02
4.522613065326641646e-02 6.174377972773274770e-02
5.527638190954764497e-02 6.171137970127620054e-02
6.532663316582909552e-02 6.167259358829049742e-02
7.537688442211054607e-02 6.162747118245198719e-02
8.542713567839199662e-02 6.157606936503604023e-02
9.547738693467344717e-02 6.151845153112069087e-02
1.055276381909546757e-01 6.145468692606599614e-02
1.155778894472361262e-01 6.138484989158494998e-02
1.256281407035175768e-01 6.130901902197778003e-02
1.356783919597990273e-01 6.122727623269889202e-02
1.457286432160804779e-01 6.113970574533665603e-02
1.557788944723617064e-01 6.104639299526586071e-02
1.658291457286431569e-01 6.094742347062094556e-02
1.758793969849246075e-01 6.084288149376211596e-02
1.859296482412060580e-01 6.073284895897929081e-02
1.959798994974875086e-01 6.061740404270282018e-02
2.060301507537687371e-01 6.049661990486398383e-02
2.160804020100501877e-01 6.037056340215904426e-02
2.261306532663316382e-01 6.023929383571115237e-02
2.361809045226130888e-01 6.010286175688651922e-02
2.462311557788945393e-01 5.996130785570150806e-02
2.562814070351759899e-01 5.981466195626664040e-02
2.663316582914572184e-01 5.966294214297339360e-02
2.763819095477386689e-01 5.950615403958035149e-02
2.864321608040201195e-01 5.934429026096224580e-02
2.964824120603015700e-01 5.917733005403063434e-02
3.065326633165830206e-01 5.900523914023891175e-02
3.165829145728642491e-01 5.882796976718819570e-02
3.266331658291456996e-01 5.864546097123248675e-02
3.366834170854271502e-01 5.845763904674870781e-02
3.467336683417086007e-01 5.826441821103086477e-02
3.567839195979900513e-01 5.806570144675933520e-02
3.668341708542712798e-01 5.786138149688310750e-02
3.768844221105527303e-01 5.765134197976225228e-02
3.869346733668341809e-01 5.743545858579179875e-02
3.969849246231156314e-01 5.721360031072652425e-02
4.070351758793970820e-01 5.698563067581501052e-02
4.170854271356783105e-01 5.675140888089507535e-02
4.271356783919597611e-01 5.651079083405686349e-02
4.371859296482412116e-01 5.626363000057898328e-02
4.472361809045226622e-01 5.600977801478918688e-02
4.572864321608041127e-01 5.574908500145579759e-02
4.673366834170853412e-01 5.548139955838442272e-02
4.773869346733667918e-01 5.520656835911480487e-02
4.874371859296482423e-01 5.492443534394792631e-02
4.974874371859296929e-01 5.463484047885443229e-02
5.075376884422111434e-01 5.433761807489892459e-02
5.175879396984923719e-01 5.403259467532792876e-02
5.276381909547738225e-01 5.371958653297295022e-02
5.376884422110552730e-01 5.339839671655622483e-02
5.477386934673367236e-01 5.306881190019050593e-02
5.577889447236181741e-01 5.273059890505790021e-02
5.678391959798994026e-01 5.238350107506518222e-02
5.778894472361808532e-01 5.202723457824774689e-02
5.879396984924623037e-01 5.166148473181371437e-02
5.979899497487437543e-01 5.128590244993268960e-02
6.080402010050252049e-01 5.090010090862811393e-02
6.180904522613064334e-01 5.050365251041478293e-02
6.281407035175878839e-01 5.009608621171151438e-02
6.381909547738693345e-01 4.967688524777080783e-02
6.482412060301507850e-01 4.924548525232044782e-02
6.582914572864322356e-01 4.880127272199045324e-02
6.683417085427134641e-01 4.834358371891311901e-02
6.783919597989949146e-01 4.787170263903524348e-02
6.884422110552763652e-01 4.738486079951485103e-02
6.984924623115578157e-01 4.688223451741697217e-02
7.085427135678392663e-01 4.636294226559661141e-02
7.185929648241204948e-01 4.582604040244821902e-02
7.286432160804019453e-01 4.527051688276876457e-02
7.386934673366833959e-01 4.469528227016778682e-02
7.487437185929648464e-01 4.409915728996162410e-02
7.587939698492462970e-01 4.348085608732512458e-02
7.688442211055277475e-01 4.283896428913444576e-02
7.788944723618089760e-01 4.217191090707544943e-02
7.889447236180904266e-01 4.147793305702979216e-02
7.989949748743718771e-01 4.075503239036586123e-02
8.090452261306533277e-01 4.000092200869655168e-02
8.190954773869347783e-01 3.921296241676993505e-02
8.291457286432160068e-01 3.838808467786525985e-02
8.391959798994974573e-01 3.752269823951907834e-02
8.492462311557789079e-01 3.661257967596633772e-02
8.592964824120603584e-01 3.565273648475521251e-02
8.693467336683418090e-01 3.463723646743155360e-02
8.793969849246230375e-01 3.355898706281165711e-02
8.894472361809044880e-01 3.240943840561982814e-02
8.994974874371859386e-01 3.117816536623212870e-02
9.095477386934673891e-01 2.985225060555616455e-02
9.195979899497488397e-01 2.841532877557020192e-02
9.296482412060300682e-01 2.684603055787229686e-02
9.396984924623115187e-01 2.511531023254524875e-02
9.497487437185929693e-01 2.318155498009570950e-02
9.597989949748744198e-01 2.098086028549078080e-02
9.698492462311558704e-01 1.840524503554066826e-02
9.798994974874370989e-01 1.524366601363910147e-02
9.899497487437185494e-01 1.095425316420229299e-02
1.000000000000000000e+00 1.795871545343727780e-18
