-5.000000000000000000e+00 -2.289002442643696122e-01 7.345881372998793596e-03
-4.210526315789473450e+00 -1.837225644753492371e-01 4.732344977307563309e-03
-3.421052631578947345e+00 -1.385448846863289452e-01 2.691115821548725317e-03
-2.631578947368421240e+00 -9.336720489730865324e-02 1.222193905722271379e-03
-1.842105263157894690e+00 -4.818952510828830582e-02 3.255792298282008984e-04
-1.052631578947368585e+00 -3.011845319268028221e-03 1.271793866516417171e-06
-2.631578947368424792e-01 4.216583446975226412e-02 2.492715978372162747e-04
5.263157894736840703e-01 8.734351425877258379e-02 1.069578641740301156e-03
1.315789473684210620e+00 1.325211940477929173e-01 2.462192925575772042e-03
2.105263157894736281e+00 1.776988738368131537e-01 4.427114449343623297e-03
2.894736842105262831e+00 2.228765536258335289e-01 6.964343213043866845e-03
3.684210526315789380e+00 2.680542334148539041e-01 1.007387921667649705e-02
4.473684210526315042e+00 3.132319132038740017e-01 1.375572246024148876e-02
5.263157894736842479e+00 3.584095929928944879e-01 1.800987294373889921e-02
6.052631578947368141e+00 4.035872727819147521e-01 2.283633066716867291e-02
6.842105263157895578e+00 4.487649525709351828e-01 2.823509563053085147e-02
7.631578947368421240e+00 4.939426323599552249e-01 3.420616783382536552e-02
8.421052631578946901e+00 5.391203121489757111e-01 4.074954727705232260e-02
9.210526315789472562e+00 5.842979919379959197e-01 4.786523396021163251e-02
1.000000000000000000e+01 6.294756717270163504e-01 5.555322788330335770e-02
