-2.767999999999999794e+00 0.000000000000000000e+00
-2.767999999999999794e+00 1.000000000000000000e+00
-2.740180904522612870e+00 1.000000000000000000e+00
-2.712361809045225947e+00 1.000000000000000000e+00
-2.684542713567839023e+00 1.000000000000000000e+00
-2.656723618090452099e+00 1.000000000000000000e+00
-2.628904522613065176e+00 1.000000000000000000e+00
-2.601085427135678252e+00 1.000000000000000000e+00
-2.573266331658291328e+00 1.000000000000000000e+00
-2.545447236180904405e+00 1.000000000000000000e+00
-2.517628140703517481e+00 1.000000000000000000e+00
-2.489809045226130557e+00 1.000000000000000000e+00
-2.461989949748743634e+00 1.000000000000000000e+00
-2.434170854271356710e+00 1.000000000000000000e+00
-2.406351758793969786e+00 1.000000000000000000e+00
-2.378532663316582862e+00 1.000000000000000000e+00
-2.350713567839195939e+00 1.000000000000000000e+00
-2.322894472361809015e+00 1.000000000000000000e+00
-2.295075376884422091e+00 1.000000000000000000e+00
-2.267256281407035168e+00 1.000000000000000000e+00
-2.239437185929648244e+00 1.000000000000000000e+00
-2.211618090452261320e+00 1.000000000000000000e+00
-2.183798994974874397e+00 1.000000000000000000e+00
-2.155979899497487473e+00 1.000000000000000000e+00
-2.128160804020100549e+00 1.000000000000000000e+00
-2.100341708542713626e+00 1.000000000000000000e+00
-2.072522613065326702e+00 1.000000000000000000e+00
-2.044703517587939778e+00 1.000000000000000000e+00
-2.016884422110552855e+00 1.000000000000000000e+00
-1.989065326633165709e+00 1.000000000000000000e+00
-1.961246231155778785e+00 1.000000000000000000e+00
-1.933427135678391862e+00 1.000000000000000000e+00
-1.905608040201004938e+00 1.000000000000000000e+00
-1.877788944723617792e+00 1.000000000000000000e+00
-1.849969849246230869e+00 1.000000000000000000e+00
-1.822150753768843945e+00 1.000000000000000000e+00
-1.794331658291457021e+00 1.000000000000000000e+00
-1.766512562814070098e+00 1.000000000000000000e+00
-1.738693467336683174e+00 1.000000000000000000e+00
-1.710874371859296250e+00 1.000000000000000000e+00
-1.683055276381909326e+00 1.000000000000000000e+00
-1.655236180904522403e+00 1.000000000000000000e+00
-1.627417085427135701e+00 1.000000000000000000e+00
-1.599597989949748778e+00 1.000000000000000000e+00
-1.571778894472361632e+00 1.000000000000000000e+00
-1.543959798994974708e+00 1.000000000000000000e+00
-1.516140703517587784e+00 1.000000000000000000e+00
-1.488321608040200861e+00 1.000000000000000000e+00
-1.460502512562813937e+00 1.000000000000000000e+00
-1.432683417085427235e+00 1.000000000000000000e+00
-1.404864321608040312e+00 1.000000000000000000e+00
-1.377045226130653388e+00 1.000000000000000000e+00
-1.349226130653266242e+00 1.000000000000000000e+00
-1.321407035175879319e+00 1.000000000000000000e+00
-1.293587939698492395e+00 1.000000000000000000e+00
-1.265768844221105471e+00 1.000000000000000000e+00
-1.237949748743718548e+00 1.000000000000000000e+00
-1.210130653266331624e+00 1.000000000000000000e+00
-1.182311557788944700e+00 1.000000000000000000e+00
-1.154492462311557777e+00 1.000000000000000000e+00
-1.126673366834170853e+00 1.000000000000000000e+00
-1.098854271356783929e+00 1.000000000000000000e+00
-1.071035175879397006e+00 1.000000000000000000e+00
-1.043216080402010082e+00 1.000000000000000000e+00
-1.015396984924623158e+00 1.000000000000000000e+00
-9.875778894472360125e-01 1.000000000000000000e+00
-9.597587939698490889e-01 1.000000000000000000e+00
-9.319396984924621652e-01 1.000000000000000000e+00
-9.041206030150752415e-01 1.000000000000000000e+00
-8.763015075376883178e-01 1.000000000000000000e+00
-8.484824120603013942e-01 1.000000000000000000e+00
-8.206633165829144705e-01 1.000000000000000000e+00
-7.928442211055275468e-01 1.000000000000000000e+00
-7.650251256281404011e-01 1.000000000000000000e+00
-7.372060301507534774e-01 1.000000000000000000e+00
-7.093869346733665537e-01 1.000000000000000000e+00
-6.815678391959796301e-01 1.000000000000000000e+00
-6.537487437185927064e-01 1.000000000000000000e+00
-6.259296482412057827e-01 1.000000000000000000e+00
-5.981105527638188590e-01 1.000000000000000000e+00
-5.702914572864319354e-01 1.000000000000000000e+00
-5.424723618090450117e-01 1.000000000000000000e+00
-5.146532663316585321e-01 1.000000000000000000e+00
-4.868341708542716084e-01 1.000000000000000000e+00
-4.590150753768846847e-01 1.000000000000000000e+00
-4.311959798994977611e-01 1.000000000000000000e+00
-4.033768844221108374e-01 1.000000000000000000e+00
-3.755577889447234696e-01 1.000000000000000000e+00
-3.477386934673365460e-01 1.000000000000000000e+00
-3.199195979899496223e-01 1.000000000000000000e+00
-2.921005025125626986e-01 1.000000000000000000e+00
-2.642814070351757749e-01 1.000000000000000000e+00
-2.364623115577888512e-01 1.000000000000000000e+00
-2.086432160804019276e-01 1.000000000000000000e+00
-1.808241206030150039e-01 1.000000000000000000e+00
-1.530050251256280802e-01 1.000000000000000000e+00
-1.251859296482411565e-01 1.000000000000000000e+00
-9.736683417085467696e-02 1.000000000000000000e+00
-6.954773869346730919e-02 1.000000000000000000e+00
-4.172864321608082960e-02 1.000000000000000000e+00
-1.390954773869346184e-02 1.000000000000000000e+00
1.390954773869301775e-02 1.000000000000000000e+00
4.172864321608038551e-02 1.000000000000000000e+00
6.954773869346730919e-02 1.000000000000000000e+00
9.736683417085423287e-02 1.000000000000000000e+00
1.251859296482411565e-01 1.000000000000000000e+00
1.530050251256280802e-01 1.000000000000000000e+00
1.808241206030150039e-01 1.000000000000000000e+00
2.086432160804019276e-01 1.000000000000000000e+00
2.364623115577888512e-01 1.000000000000000000e+00
2.642814070351757749e-01 1.000000000000000000e+00
2.921005025125626986e-01 1.000000000000000000e+00
3.199195979899500664e-01 1.000000000000000000e+00
3.477386934673365460e-01 1.000000000000000000e+00
3.755577889447239137e-01 1.000000000000000000e+00
4.033768844221103933e-01 1.000000000000000000e+00
4.311959798994977611e-01 1.000000000000000000e+00
4.590150753768842407e-01 1.000000000000000000e+00
4.868341708542716084e-01 1.000000000000000000e+00
5.146532663316580880e-01 1.000000000000000000e+00
5.424723618090454558e-01 1.000000000000000000e+00
5.702914572864319354e-01 1.000000000000000000e+00
5.981105527638193031e-01 1.000000000000000000e+00
6.259296482412057827e-01 1.000000000000000000e+00
6.537487437185931505e-01 1.000000000000000000e+00
6.815678391959796301e-01 1.000000000000000000e+00
7.093869346733669978e-01 1.000000000000000000e+00
7.372060301507534774e-01 1.000000000000000000e+00
7.650251256281408452e-01 1.000000000000000000e+00
7.928442211055277689e-01 1.000000000000000000e+00
8.206633165829142484e-01 1.000000000000000000e+00
8.484824120603016162e-01 1.000000000000000000e+00
8.763015075376880958e-01 1.000000000000000000e+00
9.041206030150754636e-01 1.000000000000000000e+00
9.319396984924619431e-01 1.000000000000000000e+00
9.597587939698493109e-01 1.000000000000000000e+00
9.875778894472357905e-01 1.000000000000000000e+00
1.015396984924623158e+00 1.000000000000000000e+00
1.043216080402009638e+00 1.000000000000000000e+00
1.071035175879397006e+00 1.000000000000000000e+00
1.098854271356783485e+00 1.000000000000000000e+00
1.126673366834170853e+00 1.000000000000000000e+00
1.154492462311557333e+00 1.000000000000000000e+00
1.182311557788944700e+00 1.000000000000000000e+00
1.210130653266331624e+00 1.000000000000000000e+00
1.237949748743718992e+00 1.000000000000000000e+00
1.265768844221105027e+00 1.000000000000000000e+00
1.293587939698492839e+00 1.000000000000000000e+00
1.321407035175878875e+00 1.000000000000000000e+00
1.349226130653266686e+00 1.000000000000000000e+00
1.377045226130652722e+00 1.000000000000000000e+00
1.404864321608040534e+00 1.000000000000000000e+00
1.432683417085426569e+00 1.000000000000000000e+00
1.460502512562814381e+00 1.000000000000000000e+00
1.488321608040200417e+00 1.000000000000000000e+00
1.516140703517588229e+00 1.000000000000000000e+00
1.543959798994975152e+00 1.000000000000000000e+00
1.571778894472362076e+00 1.000000000000000000e+00
1.599597989949749000e+00 1.000000000000000000e+00
1.627417085427135923e+00 1.000000000000000000e+00
1.655236180904522847e+00 1.000000000000000000e+00
1.683055276381909771e+00 1.000000000000000000e+00
1.710874371859296694e+00 1.000000000000000000e+00
1.738693467336682730e+00 1.000000000000000000e+00
1.766512562814070542e+00 1.000000000000000000e+00
1.794331658291456577e+00 1.000000000000000000e+00
1.822150753768844389e+00 1.000000000000000000e+00
1.849969849246230424e+00 1.000000000000000000e+00
1.877788944723618236e+00 1.000000000000000000e+00
1.905608040201004272e+00 1.000000000000000000e+00
1.933427135678392084e+00 1.000000000000000000e+00
1.961246231155778119e+00 1.000000000000000000e+00
1.989065326633165931e+00 1.000000000000000000e+00
2.016884422110552855e+00 1.000000000000000000e+00
2.044703517587939778e+00 1.000000000000000000e+00
2.072522613065326702e+00 1.000000000000000000e+00
2.100341708542713626e+00 1.000000000000000000e+00
2.128160804020100549e+00 1.000000000000000000e+00
2.155979899497487473e+00 1.000000000000000000e+00
2.183798994974874397e+00 1.000000000000000000e+00
2.211618090452261320e+00 1.000000000000000000e+00
2.239437185929648244e+00 1.000000000000000000e+00
2.267256281407035168e+00 1.000000000000000000e+00
2.295075376884422091e+00 1.000000000000000000e+00
2.322894472361809015e+00 1.000000000000000000e+00
2.350713567839195939e+00 1.000000000000000000e+00
2.378532663316581974e+00 1.000000000000000000e+00
2.406351758793969786e+00 1.000000000000000000e+00
2.434170854271356710e+00 1.000000000000000000e+00
2.461989949748743634e+00 1.000000000000000000e+00
2.489809045226130557e+00 1.000000000000000000e+00
2.517628140703517481e+00 1.000000000000000000e+00
2.545447236180904405e+00 1.000000000000000000e+00
2.573266331658290440e+00 1.000000000000000000e+00
2.601085427135678252e+00 1.000000000000000000e+00
2.628904522613065176e+00 1.000000000000000000e+00
2.656723618090452099e+00 1.000000000000000000e+00
2.684542713567838135e+00 1.000000000000000000e+00
2.712361809045225947e+00 1.000000000000000000e+00
2.740180904522612870e+00 1.000000000000000000e+00
2.767999999999999794e+00 1.000000000000000000e+00
2.767999999999999794e+00 0.000000000000000000e+00
-2.767999999999999794e+00 0.000000000000000000e+00
