-4.000000000000000000e+00 0.000000000000000000e+00
-3.959798994974874198e+00 2.094552324302058899e-01
-3.919597989949748840e+00 2.850492752251757023e-01
-3.879396984924623037e+00 3.377239527024660237e-01
-3.839195979899497679e+00 3.787373617852816676e-01
-3.798994974874371877e+00 4.124513266196273564e-01
-3.758793969849246075e+00 4.410533968904183921e-01
-3.718592964824120717e+00 4.658089787619428268e-01
-3.678391959798994915e+00 4.875288075985753644e-01
-3.638190954773869557e+00 5.067762772068534760e-01
-3.597989949748743754e+00 5.239690233207768832e-01
-3.557788944723617952e+00 5.394319653571166828e-01
-3.517587939698492594e+00 5.534263638861638412e-01
-3.477386934673366792e+00 5.661665144470657829e-01
-3.437185929648241434e+00 5.778299310748226114e-01
-3.396984924623115631e+00 5.885640742746285348e-01
-3.356783919597989829e+00 5.984912373227921911e-01
-3.316582914572864471e+00 6.077124346785128806e-01
-3.276381909547738669e+00 6.163107175570522456e-01
-3.236180904522613311e+00 6.243541149573661464e-01
-3.195979899497487509e+00 6.318982793902296891e-01
-3.155778894472361706e+00 6.389888585695187029e-01
-3.115577889447235904e+00 6.456635906779459866e-01
-3.075376884422110546e+00 6.519541158218455923e-01
-3.035175879396985188e+00 6.578875006536284431e-01
-2.994974874371859386e+00 6.634874813760284207e-01
-2.954773869346733584e+00 6.687754392813949345e-01
-2.914572864321607781e+00 6.737711308912597286e-01
-2.874371859296482423e+00 6.784932008088837563e-01
-2.834170854271357065e+00 6.829595092940402568e-01
-2.793969849246231263e+00 6.871873083593855736e-01
-2.753768844221105461e+00 6.911933001039355373e-01
-2.713567839195979658e+00 6.949936093686904792e-01
-2.673366834170854300e+00 6.986036999839722039e-01
-2.633165829145728942e+00 7.020382602349449774e-01
-2.592964824120603140e+00 7.053110790307771660e-01
-2.552763819095477338e+00 7.084349299124578225e-01
-2.512562814070351536e+00 7.114214757153731750e-01
-2.472361809045226178e+00 7.142812026072249409e-01
-2.432160804020100819e+00 7.170233884938183033e-01
-2.391959798994975017e+00 7.196561075247500661e-01
-2.351758793969849215e+00 7.221862696987020325e-01
-2.311557788944723413e+00 7.246196923906580434e-01
-2.271356783919598055e+00 7.269611989992668111e-01
-2.231155778894472252e+00 7.292147388174268219e-01
-2.190954773869346894e+00 7.313835216210423651e-01
-2.150753768844221092e+00 7.334701602953084265e-01
-2.110552763819095290e+00 7.354768150120072345e-01
-2.070351758793969932e+00 7.374053329679136626e-01
-2.030150753768844130e+00 7.392573784250755509e-01
-1.989949748743718771e+00 7.410345486916001256e-01
-1.949748743718592969e+00 7.427384726834270756e-01
-1.909547738693467167e+00 7.443708897556662318e-01
-1.869346733668341809e+00 7.459337075352304725e-01
-1.829145728643216007e+00 7.474290384809849641e-01
-1.788944723618090649e+00 7.488592158075648708e-01
-1.748743718592964846e+00 7.502267902064834182e-01
-1.708542713567839044e+00 7.515345094631028511e-01
-1.668341708542713686e+00 7.527852835878142690e-01
-1.628140703517587884e+00 7.539821384486974365e-01
-1.587939698492462526e+00 7.551281611114538661e-01
-1.547738693467336724e+00 7.562264401664952063e-01
-1.507537688442210921e+00 7.572800042632013007e-01
-1.467336683417085563e+00 7.582917618917800473e-01
-1.427135678391959761e+00 7.592644451708630005e-01
-1.386934673366833959e+00 7.602005600330190571e-01
-1.346733668341708601e+00 7.611023447708382683e-01
-1.306532663316582799e+00 7.619717384337296728e-01
-1.266331658291457440e+00 7.628103600702724751e-01
-1.226130653266331638e+00 7.636194993121909746e-01
-1.185929648241205836e+00 7.644001183116618803e-01
-1.145728643216080478e+00 7.651528645897064385e-01
-1.105527638190954676e+00 7.658780939436867774e-01
-1.065326633165829318e+00 7.665759022077478502e-01
-1.025125628140703515e+00 7.672461643701881107e-01
-9.849246231155777132e-01 7.678885793322646203e-01
-9.447236180904523550e-01 7.685027184472594808e-01
-9.045226130653265528e-01 7.690880759075813256e-01
-8.643216080402011947e-01 7.696441190496368101e-01
-8.241206030150753925e-01 7.701703367173743375e-01
-7.839195979899495903e-01 7.706662839599153214e-01
-7.437185929648242322e-01 7.711316215291006415e-01
-7.035175879396984300e-01 7.715661488801566215e-01
-6.633165829145730719e-01 7.719698296531248838e-01
-6.231155778894472697e-01 7.723428089135681018e-01
-5.829145728643214674e-01 7.726854217473563269e-01
-5.427135678391961093e-01 7.729981931250438087e-01
-5.025125628140703071e-01 7.732818292657507309e-01
-4.623115577889445049e-01 7.735372010283861899e-01
-4.221105527638191468e-01 7.737653201302602257e-01
-3.819095477386933446e-01 7.739673092313956726e-01
-3.417085427135679865e-01 7.741443671202751231e-01
-3.015075376884421843e-01 7.742977303878904038e-01
-2.613065326633163821e-01 7.744286330778817895e-01
-2.211055276381910240e-01 7.745382658489843308e-01
-1.809045226130652217e-01 7.746277361813229678e-01
-1.407035175879398636e-01 7.746980311012995335e-01
-1.005025125628140614e-01 7.747499837934964662e-01
-6.030150753768825922e-02 7.747842453161997156e-01
-2.010050251256290110e-02 7.748012624452206287e-01
2.010050251256245701e-02 7.748012624452206287e-01
6.030150753768825922e-02 7.747842453161997156e-01
1.005025125628140614e-01 7.747499837934964662e-01
1.407035175879398636e-01 7.746980311012995335e-01
1.809045226130656658e-01 7.746277361813229678e-01
2.211055276381905799e-01 7.745382658489843308e-01
2.613065326633163821e-01 7.744286330778817895e-01
3.015075376884421843e-01 7.742977303878904038e-01
3.417085427135679865e-01 7.741443671202751231e-01
3.819095477386937887e-01 7.739673092313957836e-01
4.221105527638187027e-01 7.737653201302602257e-01
4.623115577889445049e-01 7.735372010283860789e-01
5.025125628140703071e-01 7.732818292657507309e-01
5.427135678391961093e-01 7.729981931250436977e-01
5.829145728643219115e-01 7.726854217473561048e-01
6.231155778894468256e-01 7.723428089135682129e-01
6.633165829145726278e-01 7.719698296531248838e-01
7.035175879396984300e-01 7.715661488801566215e-01
7.437185929648242322e-01 7.711316215291007525e-01
7.839195979899500344e-01 7.706662839599153214e-01
8.241206030150749484e-01 7.701703367173742265e-01
8.643216080402007506e-01 7.696441190496365881e-01
9.045226130653265528e-01 7.690880759075811035e-01
9.447236180904523550e-01 7.685027184472595918e-01
9.849246231155781572e-01 7.678885793322646203e-01
1.025125628140703959e+00 7.672461643701879996e-01
1.065326633165828873e+00 7.665759022077478502e-01
1.105527638190954676e+00 7.658780939436866664e-01
1.145728643216080478e+00 7.651528645897063274e-01
1.185929648241206280e+00 7.644001183116618803e-01
1.226130653266332082e+00 7.636194993121909746e-01
1.266331658291456996e+00 7.628103600702723641e-01
1.306532663316582799e+00 7.619717384337296728e-01
1.346733668341708601e+00 7.611023447708382683e-01
1.386934673366834403e+00 7.602005600330190571e-01
1.427135678391960205e+00 7.592644451708627784e-01
1.467336683417085119e+00 7.582917618917799363e-01
1.507537688442210921e+00 7.572800042632014117e-01
1.547738693467336724e+00 7.562264401664950952e-01
1.587939698492462526e+00 7.551281611114537551e-01
1.628140703517588328e+00 7.539821384486972145e-01
1.668341708542713242e+00 7.527852835878141580e-01
1.708542713567839044e+00 7.515345094631028511e-01
1.748743718592964846e+00 7.502267902064835292e-01
1.788944723618090649e+00 7.488592158075648708e-01
1.829145728643216451e+00 7.474290384809849641e-01
1.869346733668341365e+00 7.459337075352302504e-01
1.909547738693467167e+00 7.443708897556661208e-01
1.949748743718592969e+00 7.427384726834268536e-01
1.989949748743718771e+00 7.410345486916000146e-01
2.030150753768844574e+00 7.392573784250755509e-01
2.070351758793969488e+00 7.374053329679136626e-01
2.110552763819095290e+00 7.354768150120073456e-01
2.150753768844221092e+00 7.334701602953084265e-01
2.190954773869346894e+00 7.313835216210423651e-01
2.231155778894472697e+00 7.292147388174268219e-01
2.271356783919597611e+00 7.269611989992668111e-01
2.311557788944723413e+00 7.246196923906579324e-01
2.351758793969849215e+00 7.221862696987020325e-01
2.391959798994975017e+00 7.196561075247499550e-01
2.432160804020100819e+00 7.170233884938181923e-01
2.472361809045225733e+00 7.142812026072249409e-01
2.512562814070351536e+00 7.114214757153731750e-01
2.552763819095477338e+00 7.084349299124577115e-01
2.592964824120603140e+00 7.053110790307772771e-01
2.633165829145728942e+00 7.020382602349448664e-01
2.673366834170853856e+00 6.986036999839723149e-01
2.713567839195979658e+00 6.949936093686903682e-01
2.753768844221105461e+00 6.911933001039354263e-01
2.793969849246231263e+00 6.871873083593854625e-01
2.834170854271357065e+00 6.829595092940403678e-01
2.874371859296481979e+00 6.784932008088837563e-01
2.914572864321607781e+00 6.737711308912598396e-01
2.954773869346733584e+00 6.687754392813946014e-01
2.994974874371859386e+00 6.634874813760283097e-01
3.035175879396985188e+00 6.578875006536284431e-01
3.075376884422110990e+00 6.519541158218452592e-01
3.115577889447235904e+00 6.456635906779458756e-01
3.155778894472361706e+00 6.389888585695185919e-01
3.195979899497487509e+00 6.318982793902296891e-01
3.236180904522613311e+00 6.243541149573659244e-01
3.276381909547739113e+00 6.163107175570521346e-01
3.316582914572864027e+00 6.077124346785128806e-01
3.356783919597989829e+00 5.984912373227921911e-01
3.396984924623115631e+00 5.885640742746285348e-01
3.437185929648241434e+00 5.778299310748225004e-01
3.477386934673367236e+00 5.661665144470655608e-01
3.517587939698492150e+00 5.534263638861639523e-01
3.557788944723617952e+00 5.394319653571166828e-01
3.597989949748743754e+00 5.239690233207767722e-01
3.638190954773869557e+00 5.067762772068533650e-01
3.678391959798995359e+00 4.875288075985752534e-01
3.718592964824120273e+00 4.658089787619431044e-01
3.758793969849246075e+00 4.410533968904184476e-01
3.798994974874371877e+00 4.124513266196274119e-01
3.839195979899497679e+00 3.787373617852816676e-01
3.879396984924623482e+00 3.377239527024655241e-01
3.919597989949748396e+00 2.850492752251763684e-01
3.959798994974874198e+00 2.094552324302058066e-01
4.000000000000000000e+00 8.623666185030663874e-17
