-5.000000000000000000e+00 -7.139176496367467817e-02 2.165196265442720900e-04
-4.210526315789473450e+00 -4.732225639246385486e-03 9.513315942781768906e-07
-3.421052631578947345e+00 6.192731368518187424e-02 1.629166662006850956e-04
-2.631578947368421240e+00 1.285868530096101470e-01 7.024156303634928114e-04
-1.842105263157894690e+00 1.952463923340384266e-01 1.619448224082701724e-03
-1.052631578947368585e+00 2.619059316584667618e-01 2.914014447358312648e-03
-2.631578947368424792e-01 3.285654709828951248e-01 4.586114300190325364e-03
5.263157894736840703e-01 3.952250103073232657e-01 6.635747782578733586e-03
1.315789473684210620e+00 4.618845496317515176e-01 9.062914894523543818e-03
2.105263157894736281e+00 5.285440889561798805e-01 1.186761563602476040e-02
2.894736842105262831e+00 5.952036282806081324e-01 1.504985000708237292e-02
3.684210526315789380e+00 6.618631676050362733e-01 1.860961800769637964e-02
4.473684210526315042e+00 7.285227069294646363e-01 2.254691963786679965e-02
5.263157894736842479e+00 7.951822462538929992e-01 2.686175489759361906e-02
6.052631578947368141e+00 8.618417855783212511e-01 3.155412378687683789e-02
6.842105263157895578e+00 9.285013249027495030e-01 3.662402630571645612e-02
7.631578947368421240e+00 9.951608642271778660e-01 4.207146245411248764e-02
8.421052631578946901e+00 1.061820403551606340e+00 4.789643223206491163e-02
9.210526315789472562e+00 1.128479942876033926e+00 5.409893563957366563e-02
1.000000000000000000e+01 1.195139482200462622e+00 6.067897267663893701e-02
