-4.000000000000000000e+00 0.000000000000000000e+00
-4.000000000000000000e+00 1.000000000000000000e+00
-3.959798994974874198e+00 1.000000000000000000e+00
-3.919597989949748840e+00 1.000000000000000000e+00
-3.879396984924623037e+00 1.000000000000000000e+00
-3.839195979899497679e+00 1.000000000000000000e+00
-3.798994974874371877e+00 1.000000000000000000e+00
-3.758793969849246075e+00 1.000000000000000000e+00
-3.718592964824120717e+00 1.000000000000000000e+00
-3.678391959798994915e+00 1.000000000000000000e+00
-3.638190954773869557e+00 1.000000000000000000e+00
-3.597989949748743754e+00 1.000000000000000000e+00
-3.557788944723617952e+00 1.000000000000000000e+00
-3.517587939698492594e+00 1.000000000000000000e+00
-3.477386934673366792e+00 1.000000000000000000e+00
-3.437185929648241434e+00 1.000000000000000000e+00
-3.396984924623115631e+00 1.000000000000000000e+00
-3.356783919597989829e+00 1.000000000000000000e+00
-3.316582914572864471e+00 1.000000000000000000e+00
-3.276381909547738669e+00 1.000000000000000000e+00
-3.236180904522613311e+00 1.000000000000000000e+00
-3.195979899497487509e+00 1.000000000000000000e+00
-3.155778894472361706e+00 1.000000000000000000e+00
-3.115577889447235904e+00 1.000000000000000000e+00
-3.075376884422110546e+00 1.000000000000000000e+00
-3.035175879396985188e+00 1.000000000000000000e+00
-2.994974874371859386e+00 1.000000000000000000e+00
-2.954773869346733584e+00 1.000000000000000000e+00
-2.914572864321607781e+00 1.000000000000000000e+00
-2.874371859296482423e+00 1.000000000000000000e+00
-2.834170854271357065e+00 1.000000000000000000e+00
-2.793969849246231263e+00 1.000000000000000000e+00
-2.753768844221105461e+00 1.000000000000000000e+00
-2.713567839195979658e+00 1.000000000000000000e+00
-2.673366834170854300e+00 1.000000000000000000e+00
-2.633165829145728942e+00 1.000000000000000000e+00
-2.592964824120603140e+00 1.000000000000000000e+00
-2.552763819095477338e+00 1.000000000000000000e+00
-2.512562814070351536e+00 1.000000000000000000e+00
-2.472361809045226178e+00 1.000000000000000000e+00
-2.432160804020100819e+00 1.000000000000000000e+00
-2.391959798994975017e+00 1.000000000000000000e+00
-2.351758793969849215e+00 1.000000000000000000e+00
-2.311557788944723413e+00 1.000000000000000000e+00
-2.271356783919598055e+00 1.000000000000000000e+00
-2.231155778894472252e+00 1.000000000000000000e+00
-2.190954773869346894e+00 1.000000000000000000e+00
-2.150753768844221092e+00 1.000000000000000000e+00
-2.110552763819095290e+00 1.000000000000000000e+00
-2.070351758793969932e+00 1.000000000000000000e+00
-2.030150753768844130e+00 1.000000000000000000e+00
-1.989949748743718771e+00 1.000000000000000000e+00
-1.949748743718592969e+00 1.000000000000000000e+00
-1.909547738693467167e+00 1.000000000000000000e+00
-1.869346733668341809e+00 1.000000000000000000e+00
-1.829145728643216007e+00 1.000000000000000000e+00
-1.788944723618090649e+00 1.000000000000000000e+00
-1.748743718592964846e+00 1.000000000000000000e+00
-1.708542713567839044e+00 1.000000000000000000e+00
-1.668341708542713686e+00 1.000000000000000000e+00
-1.628140703517587884e+00 1.000000000000000000e+00
-1.587939698492462526e+00 1.000000000000000000e+00
-1.547738693467336724e+00 1.000000000000000000e+00
-1.507537688442210921e+00 1.000000000000000000e+00
-1.467336683417085563e+00 1.000000000000000000e+00
-1.427135678391959761e+00 1.000000000000000000e+00
-1.386934673366833959e+00 1.000000000000000000e+00
-1.346733668341708601e+00 1.000000000000000000e+00
-1.306532663316582799e+00 1.000000000000000000e+00
-1.266331658291457440e+00 1.000000000000000000e+00
-1.226130653266331638e+00 1.000000000000000000e+00
-1.185929648241205836e+00 1.000000000000000000e+00
-1.145728643216080478e+00 1.000000000000000000e+00
-1.105527638190954676e+00 1.000000000000000000e+00
-1.065326633165829318e+00 1.000000000000000000e+00
-1.025125628140703515e+00 1.000000000000000000e+00
-9.849246231155777132e-01 1.000000000000000000e+00
-9.447236180904523550e-01 1.000000000000000000e+00
-9.045226130653265528e-01 1.000000000000000000e+00
-8.643216080402011947e-01 1.000000000000000000e+00
-8.241206030150753925e-01 1.000000000000000000e+00
-7.839195979899495903e-01 1.000000000000000000e+00
-7.437185929648242322e-01 1.000000000000000000e+00
-7.035175879396984300e-01 1.000000000000000000e+00
-6.633165829145730719e-01 1.000000000000000000e+00
-6.231155778894472697e-01 1.000000000000000000e+00
-5.829145728643214674e-01 1.000000000000000000e+00
-5.427135678391961093e-01 1.000000000000000000e+00
-5.025125628140703071e-01 1.000000000000000000e+00
-4.623115577889445049e-01 1.000000000000000000e+00
-4.221105527638191468e-01 1.000000000000000000e+00
-3.819095477386933446e-01 1.000000000000000000e+00
-3.417085427135679865e-01 1.000000000000000000e+00
-3.015075376884421843e-01 1.000000000000000000e+00
-2.613065326633163821e-01 1.000000000000000000e+00
-2.211055276381910240e-01 1.000000000000000000e+00
-1.809045226130652217e-01 1.000000000000000000e+00
-1.407035175879398636e-01 1.000000000000000000e+00
-1.005025125628140614e-01 1.000000000000000000e+00
-6.030150753768825922e-02 1.000000000000000000e+00
-2.010050251256290110e-02 1.000000000000000000e+00
2.010050251256245701e-02 1.000000000000000000e+00
6.030150753768825922e-02 1.000000000000000000e+00
1.005025125628140614e-01 1.000000000000000000e+00
1.407035175879398636e-01 1.000000000000000000e+00
1.809045226130656658e-01 1.000000000000000000e+00
2.211055276381905799e-01 1.000000000000000000e+00
2.613065326633163821e-01 1.000000000000000000e+00
3.015075376884421843e-01 1.000000000000000000e+00
3.417085427135679865e-01 1.000000000000000000e+00
3.819095477386937887e-01 1.000000000000000000e+00
4.221105527638187027e-01 1.000000000000000000e+00
4.623115577889445049e-01 1.000000000000000000e+00
5.025125628140703071e-01 1.000000000000000000e+00
5.427135678391961093e-01 1.000000000000000000e+00
5.829145728643219115e-01 1.000000000000000000e+00
6.231155778894468256e-01 1.000000000000000000e+00
6.633165829145726278e-01 1.000000000000000000e+00
7.035175879396984300e-01 1.000000000000000000e+00
7.437185929648242322e-01 1.000000000000000000e+00
7.839195979899500344e-01 1.000000000000000000e+00
8.241206030150749484e-01 1.000000000000000000e+00
8.643216080402007506e-01 1.000000000000000000e+00
9.045226130653265528e-01 1.000000000000000000e+00
9.447236180904523550e-01 1.000000000000000000e+00
9.849246231155781572e-01 1.000000000000000000e+00
1.025125628140703959e+00 1.000000000000000000e+00
1.065326633165828873e+00 1.000000000000000000e+00
1.105527638190954676e+00 1.000000000000000000e+00
1.145728643216080478e+00 1.000000000000000000e+00
1.185929648241206280e+00 1.000000000000000000e+00
1.226130653266332082e+00 1.000000000000000000e+00
1.266331658291456996e+00 1.000000000000000000e+00
1.306532663316582799e+00 1.000000000000000000e+00
1.346733668341708601e+00 1.000000000000000000e+00
1.386934673366834403e+00 1.000000000000000000e+00
1.427135678391960205e+00 1.000000000000000000e+00
1.467336683417085119e+00 1.000000000000000000e+00
1.507537688442210921e+00 1.000000000000000000e+00
1.547738693467336724e+00 1.000000000000000000e+00
1.587939698492462526e+00 1.000000000000000000e+00
1.628140703517588328e+00 1.000000000000000000e+00
1.668341708542713242e+00 1.000000000000000000e+00
1.708542713567839044e+00 1.000000000000000000e+00
1.748743718592964846e+00 1.000000000000000000e+00
1.788944723618090649e+00 1.000000000000000000e+00
1.829145728643216451e+00 1.000000000000000000e+00
1.869346733668341365e+00 1.000000000000000000e+00
1.909547738693467167e+00 1.000000000000000000e+00
1.949748743718592969e+00 1.000000000000000000e+00
1.989949748743718771e+00 1.000000000000000000e+00
2.030150753768844574e+00 1.000000000000000000e+00
2.070351758793969488e+00 1.000000000000000000e+00
2.110552763819095290e+00 1.000000000000000000e+00
2.150753768844221092e+00 1.000000000000000000e+00
2.190954773869346894e+00 1.000000000000000000e+00
2.231155778894472697e+00 1.000000000000000000e+00
2.271356783919597611e+00 1.000000000000000000e+00
2.311557788944723413e+00 1.000000000000000000e+00
2.351758793969849215e+00 1.000000000000000000e+00
2.391959798994975017e+00 1.000000000000000000e+00
2.432160804020100819e+00 1.000000000000000000e+00
2.472361809045225733e+00 1.000000000000000000e+00
2.512562814070351536e+00 1.000000000000000000e+00
2.552763819095477338e+00 1.000000000000000000e+00
2.592964824120603140e+00 1.000000000000000000e+00
2.633165829145728942e+00 1.000000000000000000e+00
2.673366834170853856e+00 1.000000000000000000e+00
2.713567839195979658e+00 1.000000000000000000e+00
2.753768844221105461e+00 1.000000000000000000e+00
2.793969849246231263e+00 1.000000000000000000e+00
2.834170854271357065e+00 1.000000000000000000e+00
2.874371859296481979e+00 1.000000000000000000e+00
2.914572864321607781e+00 1.000000000000000000e+00
2.954773869346733584e+00 1.000000000000000000e+00
2.994974874371859386e+00 1.000000000000000000e+00
3.035175879396985188e+00 1.000000000000000000e+00
3.075376884422110990e+00 1.000000000000000000e+00
3.115577889447235904e+00 1.000000000000000000e+00
3.155778894472361706e+00 1.000000000000000000e+00
3.195979899497487509e+00 1.000000000000000000e+00
3.236180904522613311e+00 1.000000000000000000e+00
3.276381909547739113e+00 1.000000000000000000e+00
3.316582914572864027e+00 1.000000000000000000e+00
3.356783919597989829e+00 1.000000000000000000e+00
3.396984924623115631e+00 1.000000000000000000e+00
3.437185929648241434e+00 1.000000000000000000e+00
3.477386934673367236e+00 1.000000000000000000e+00
3.517587939698492150e+00 1.000000000000000000e+00
3.557788944723617952e+00 1.000000000000000000e+00
3.597989949748743754e+00 1.000000000000000000e+00
3.638190954773869557e+00 1.000000000000000000e+00
3.678391959798995359e+00 1.000000000000000000e+00
3.718592964824120273e+00 1.000000000000000000e+00
3.758793969849246075e+00 1.000000000000000000e+00
3.798994974874371877e+00 1.000000000000000000e+00
3.839195979899497679e+00 1.000000000000000000e+00
3.879396984924623482e+00 1.000000000000000000e+00
3.919597989949748396e+00 1.000000000000000000e+00
3.959798994974874198e+00 1.000000000000000000e+00
4.000000000000000000e+00 1.000000000000000000e+00
4.000000000000000000e+00 0.000000000000000000e+00
-4.000000000000000000e+00 0.000000000000000000e+00
