1.000000000000000000e+00 -1.665334536937734749e-17
9.997482711915925968e-01 3.658279847741363340e-05
9.989933382359421632e-01 1.462226455420934101e-04
9.977359612865421834e-01 3.285946761460600721e-04
9.959774064153976703e-01 5.831600362176919249e-04
9.937194443381971443e-01 9.091697206137228093e-04
9.909643486313534089e-01 1.305669859926825030e-03
9.877148934427034677e-01 1.771508371667165774e-03
9.839743506981781795e-01 2.305342869794676976e-03
9.797464868072487398e-01 2.905649706924240232e-03
9.750355588704725518e-01 3.570734006109082745e-03
9.698463103929542140e-01 4.298740524239557693e-03
9.641839665080361721e-01 5.087665177048219731e-03
9.580542287160349613e-01 5.935367046701054035e-03
9.514632691433104750e-01 6.839580687155341794e-03
9.444177243274616274e-01 7.797928539975703885e-03
9.369246885348924136e-01 8.807933274188698217e-03
9.289917066174885329e-01 9.867029868006709295e-03
9.206267664155906028e-01 1.097257725780369404e-02
9.118382907149161776e-01 1.212186939045647137e-02
9.026351287655294264e-01 1.331214552889621247e-02
8.930265473713936419e-01 1.454059967721225109e-02
8.830222215594889512e-01 1.580438901063125137e-02
8.726322248378772795e-01 1.710064121684175611e-02
8.618670190525350439e-01 1.842646067806099838e-02
8.507374438531606353e-01 1.977893344757300845e-02
8.392547057785657572e-01 2.115513099975417990e-02
8.274303669726426058e-01 2.255211275841449009e-02
8.152763335422610336e-01 2.396692743415037435e-02
8.028048435688331930e-01 2.539661322687191206e-02
7.900284547855989103e-01 2.683819697427106479e-02
7.769600319330550731e-01 2.828869235028587739e-02
7.636127338052511870e-01 2.974509723916747214e-02
7.499999999999996669e-01 3.120439043015990968e-02
7.361355373863414098e-01 3.266352779469373219e-02
7.220333063028867571e-01 3.411943812204015075e-02
7.077075065009430510e-01 3.556901880028840585e-02
6.931725628465641442e-01 3.700913153706735653e-02
6.784431107959358886e-01 3.843659831844371821e-02
6.635339816587108031e-01 3.984819780479020856e-02
6.484601876641370444e-01 4.124066235905177874e-02
6.332369068450175442e-01 4.261067589576798820e-02
6.178794677547136960e-01 4.395487272848820626e-02
6.024033340325950503e-01 4.526983757898227906e-02
5.868240888334650407e-01 4.655210689409132463e-02
5.711574191366424191e-01 4.779817159542997657e-02
5.554190999505054238e-01 4.900448136374419006e-02
5.396249784283941864e-01 5.016745053390911369e-02
5.237909579118711356e-01 5.128346564870963492e-02
5.079329819174041027e-01 5.234889469012297958e-02
4.920670180825961748e-01 5.336009797629189672e-02
4.762090420881286423e-01 5.431344068122034852e-02
4.603750215716055916e-01 5.520530690296579501e-02
4.445809000494944097e-01 5.603211517524881585e-02
4.288425808633573588e-01 5.679033528747785831e-02
4.131759111665348483e-01 5.747650624970319228e-02
3.975966659674047277e-01 5.808725521245981793e-02
3.821205322452865261e-01 5.861931712730697464e-02
3.667630931549822337e-01 5.906955491255491686e-02
3.515398123358624005e-01 5.943497987058444371e-02
3.364660183412890859e-01 5.971277208866175579e-02
3.215568892040640003e-01 5.990030054452441521e-02
3.068274371534356337e-01 5.999514263150496768e-02
2.922924934990568380e-01 5.999510281574262083e-02
2.779666936971130209e-01 5.989823014021838921e-02
2.638644626136583682e-01 5.970283429698320515e-02
2.499999999999997780e-01 5.940749999999998809e-02
2.363872661947486464e-01 5.901109940639665680e-02
2.230399680669447604e-01 5.851280235346188047e-02
2.099715452144008676e-01 5.791208420217774933e-02
1.971951564311666405e-01 5.720873110517937787e-02
1.847236664577387999e-01 5.640284254740518533e-02
1.725696330273573942e-01 5.549483104094719149e-02
1.607452942214338543e-01 5.448541889126658905e-02
1.492625561468393647e-01 5.337563198951304766e-02
1.381329809474648451e-01 5.216679062463637495e-02
1.273677751621226095e-01 5.086049734875341261e-02
1.169777784405109378e-01 4.945862196924666332e-02
1.069734526286063026e-01 4.796328378074363880e-02
9.736487123447062908e-02 4.637683118886370276e-02
8.816170928508360038e-02 4.470181891484908271e-02
7.937323358440939725e-02 4.294098300535185292e-02
7.100829338251141154e-02 4.109721390420129766e-02
6.307531146510747533e-02 3.917352787241831780e-02
5.558227567253826162e-02 3.717303706862332829e-02
4.853673085668941400e-02 3.509891862389158401e-02
4.194577128396520527e-02 3.295438306269132117e-02
3.581603349196366137e-02 3.074264243450729531e-02
3.015368960704578605e-02 2.846687852888080822e-02
2.496444112952733718e-02 2.613021154973157664e-02
2.025351319275126016e-02 2.373566962288809618e-02
1.602564930182182046e-02 2.128615950373233603e-02
1.228510655729647683e-02 1.878443883982924834e-02
9.035651368646646642e-03 1.623309032650585917e-02
6.280555661802800227e-03 1.363449807177795174e-02
4.022593584602329742e-03 1.099082646107879882e-02
2.264038713457705576e-03 8.304001782272304316e-03
1.006661764057781294e-03 5.575696837837252479e-03
2.517288084074031929e-04 2.807318734352433082e-03
0.000000000000000000e+00 0.000000000000000000e+00
2.517288084074031929e-04 -2.807318734352433082e-03
1.006661764057781294e-03 -5.575696837837252479e-03
2.264038713457705576e-03 -8.304001782272304316e-03
4.022593584602329742e-03 -1.099082646107879882e-02
6.280555661802800227e-03 -1.363449807177795174e-02
9.035651368646646642e-03 -1.623309032650585917e-02
1.228510655729647683e-02 -1.878443883982924834e-02
1.602564930182182046e-02 -2.128615950373233603e-02
2.025351319275126016e-02 -2.373566962288809618e-02
2.496444112952733718e-02 -2.613021154973157664e-02
3.015368960704578605e-02 -2.846687852888080822e-02
3.581603349196366137e-02 -3.074264243450729531e-02
4.194577128396520527e-02 -3.295438306269132117e-02
4.853673085668941400e-02 -3.509891862389158401e-02
5.558227567253826162e-02 -3.717303706862332829e-02
6.307531146510747533e-02 -3.917352787241831780e-02
7.100829338251141154e-02 -4.109721390420129766e-02
7.937323358440939725e-02 -4.294098300535185292e-02
8.816170928508360038e-02 -4.470181891484908271e-02
9.736487123447062908e-02 -4.637683118886370276e-02
1.069734526286063026e-01 -4.796328378074363880e-02
1.169777784405109378e-01 -4.945862196924666332e-02
1.273677751621226095e-01 -5.086049734875341261e-02
1.381329809474648451e-01 -5.216679062463637495e-02
1.492625561468393647e-01 -5.337563198951304766e-02
1.607452942214338543e-01 -5.448541889126658905e-02
1.725696330273573942e-01 -5.549483104094719149e-02
1.847236664577387999e-01 -5.640284254740518533e-02
1.971951564311666405e-01 -5.720873110517937787e-02
2.099715452144008676e-01 -5.791208420217774933e-02
2.230399680669447604e-01 -5.851280235346188047e-02
2.363872661947486464e-01 -5.901109940639665680e-02
2.499999999999997780e-01 -5.940749999999998809e-02
2.638644626136583682e-01 -5.970283429698320515e-02
2.779666936971130209e-01 -5.989823014021838921e-02
2.922924934990568380e-01 -5.999510281574262083e-02
3.068274371534356337e-01 -5.999514263150496768e-02
3.215568892040640003e-01 -5.990030054452441521e-02
3.364660183412890859e-01 -5.971277208866175579e-02
3.515398123358624005e-01 -5.943497987058444371e-02
3.667630931549822337e-01 -5.906955491255491686e-02
3.821205322452865261e-01 -5.861931712730697464e-02
3.975966659674047277e-01 -5.808725521245981793e-02
4.131759111665348483e-01 -5.747650624970319228e-02
4.288425808633573588e-01 -5.679033528747785831e-02
4.445809000494944097e-01 -5.603211517524881585e-02
4.603750215716055916e-01 -5.520530690296579501e-02
4.762090420881286423e-01 -5.431344068122034852e-02
4.920670180825961748e-01 -5.336009797629189672e-02
5.079329819174041027e-01 -5.234889469012297958e-02
5.237909579118711356e-01 -5.128346564870963492e-02
5.396249784283941864e-01 -5.016745053390911369e-02
5.554190999505054238e-01 -4.900448136374419006e-02
5.711574191366424191e-01 -4.779817159542997657e-02
5.868240888334650407e-01 -4.655210689409132463e-02
6.024033340325950503e-01 -4.526983757898227906e-02
6.178794677547136960e-01 -4.395487272848820626e-02
6.332369068450175442e-01 -4.261067589576798820e-02
6.484601876641370444e-01 -4.124066235905177874e-02
6.635339816587108031e-01 -3.984819780479020856e-02
6.784431107959358886e-01 -3.843659831844371821e-02
6.931725628465641442e-01 -3.700913153706735653e-02
7.077075065009430510e-01 -3.556901880028840585e-02
7.220333063028867571e-01 -3.411943812204015075e-02
7.361355373863414098e-01 -3.266352779469373219e-02
7.499999999999996669e-01 -3.120439043015990968e-02
7.636127338052511870e-01 -2.974509723916747214e-02
7.769600319330550731e-01 -2.828869235028587739e-02
7.900284547855989103e-01 -2.683819697427106479e-02
8.028048435688331930e-01 -2.539661322687191206e-02
8.152763335422610336e-01 -2.396692743415037435e-02
8.274303669726426058e-01 -2.255211275841449009e-02
8.392547057785657572e-01 -2.115513099975417990e-02
8.507374438531606353e-01 -1.977893344757300845e-02
8.618670190525350439e-01 -1.842646067806099838e-02
8.726322248378772795e-01 -1.710064121684175611e-02
8.830222215594889512e-01 -1.580438901063125137e-02
8.930265473713936419e-01 -1.454059967721225109e-02
9.026351287655294264e-01 -1.331214552889621247e-02
9.118382907149161776e-01 -1.212186939045647137e-02
9.206267664155906028e-01 -1.097257725780369404e-02
9.289917066174885329e-01 -9.867029868006709295e-03
9.369246885348924136e-01 -8.807933274188698217e-03
9.444177243274616274e-01 -7.797928539975703885e-03
9.514632691433104750e-01 -6.839580687155341794e-03
9.580542287160349613e-01 -5.935367046701054035e-03
9.641839665080361721e-01 -5.087665177048219731e-03
9.698463103929542140e-01 -4.298740524239557693e-03
9.750355588704725518e-01 -3.570734006109082745e-03
9.797464868072487398e-01 -2.905649706924240232e-03
9.839743506981781795e-01 -2.305342869794676976e-03
9.877148934427034677e-01 -1.771508371667165774e-03
9.909643486313534089e-01 -1.305669859926825030e-03
9.937194443381971443e-01 -9.091697206137228093e-04
9.959774064153976703e-01 -5.831600362176919249e-04
9.977359612865421834e-01 -3.285946761460600721e-04
9.989933382359421632e-01 -1.462226455420934101e-04
9.997482711915925968e-01 -3.658279847741363340e-05
1.000000000000000000e+00 1.665334536937734749e-17
