2.000000000000000000e+01 5.174565896892034722e+00
2.010000000000000142e+01 5.185056113392962018e+00
2.020000000000000284e+01 5.195363091748237849e+00
2.030000000000000426e+01 5.205488600000362176e+00
2.040000000000000568e+01 5.215434369587121033e+00
2.050000000000000711e+01 5.225202096171233102e+00
2.060000000000000853e+01 5.234793440447854884e+00
2.070000000000000995e+01 5.244210028930523571e+00
2.080000000000001137e+01 5.253453454716280113e+00
2.090000000000001279e+01 5.262525278230543613e+00
2.100000000000001421e+01 5.271427027952391597e+00
2.110000000000001563e+01 5.280160201120818186e+00
2.120000000000001705e+01 5.288726264422533241e+00
2.130000000000001847e+01 5.297126654661892253e+00
2.140000000000001990e+01 5.305362779413433927e+00
2.150000000000002132e+01 5.313436017657607202e+00
2.160000000000002274e+01 5.321347720400118497e+00
2.170000000000002416e+01 5.329099211275440950e+00
2.180000000000002558e+01 5.336691787134907550e+00
2.190000000000002700e+01 5.344126718619875760e+00
2.200000000000002842e+01 5.351405250720364215e+00
2.210000000000002984e+01 5.358528603319610006e+00
2.220000000000003126e+01 5.365497971724936477e+00
2.230000000000003268e+01 5.372314527185342747e+00
2.240000000000003411e+01 5.378979417396188012e+00
2.250000000000003553e+01 5.385493766991332087e+00
2.260000000000003695e+01 5.391858678023099927e+00
2.270000000000003837e+01 5.398075230430427141e+00
2.280000000000003979e+01 5.404144482495488511e+00
2.290000000000004121e+01 5.410067471289174534e+00
2.300000000000004263e+01 5.415845213105687783e+00
2.310000000000004405e+01 5.421478703886612571e+00
2.320000000000004547e+01 5.426968919634693300e+00
2.330000000000004690e+01 5.432316816817668759e+00
2.340000000000004832e+01 5.437523332762385309e+00
2.350000000000004974e+01 5.442589386039496269e+00
2.360000000000005116e+01 5.447515876838979310e+00
2.370000000000005258e+01 5.452303687336740090e+00
2.380000000000005400e+01 5.456953682052541055e+00
2.390000000000005542e+01 5.461466708199490760e+00
2.400000000000005684e+01 5.465843596025312223e+00
2.410000000000005826e+01 5.470085159145641640e+00
2.420000000000005969e+01 5.474192194869537786e+00
2.430000000000006111e+01 5.478165484517432127e+00
2.440000000000006253e+01 5.482005793731714149e+00
2.450000000000006395e+01 5.485713872780160649e+00
2.460000000000006537e+01 5.489290456852367939e+00
2.470000000000006679e+01 5.492736266349413476e+00
2.480000000000006821e+01 5.496052007166896125e+00
2.490000000000006963e+01 5.499238370971536227e+00
2.500000000000007105e+01 5.502296035471501590e+00
2.510000000000007248e+01 5.505225664680648556e+00
2.520000000000007390e+01 5.508027909176786530e+00
2.530000000000007532e+01 5.510703406354167555e+00
2.540000000000007674e+01 5.513252780670327091e+00
2.550000000000007816e+01 5.515676643887431396e+00
2.560000000000007958e+01 5.517975595308252323e+00
2.570000000000008100e+01 5.520150222006943608e+00
2.580000000000008242e+01 5.522201099054711015e+00
2.590000000000008384e+01 5.524128789740538892e+00
2.600000000000008527e+01 5.525933845787068144e+00
2.610000000000008669e+01 5.527616807561783752e+00
2.620000000000008811e+01 5.529178204283588194e+00
2.630000000000008953e+01 5.530618554224917993e+00
2.640000000000009095e+01 5.531938364909480654e+00
2.650000000000009237e+01 5.533138133305739004e+00
2.660000000000009379e+01 5.534218346016244183e+00
2.670000000000009521e+01 5.535179479462931873e+00
2.680000000000009663e+01 5.536022000068445692e+00
2.690000000000009805e+01 5.536746364433630774e+00
2.700000000000009948e+01 5.537353019511260577e+00
2.710000000000010090e+01 5.537842402776102624e+00
2.720000000000010232e+01 5.538214942391396001e+00
2.730000000000010374e+01 5.538471057371859629e+00
2.740000000000010516e+01 5.538611157743274838e+00
2.750000000000010658e+01 5.538635644698758576e+00
2.760000000000010800e+01 5.538544910751789452e+00
2.770000000000010942e+01 5.538339339886062085e+00
2.780000000000011084e+01 5.538019307702255922e+00
2.790000000000011227e+01 5.537585181561794023e+00
2.800000000000011369e+01 5.537037320727643319e+00
2.810000000000011511e+01 5.536376076502248722e+00
2.820000000000011653e+01 5.535601792362653484e+00
2.830000000000011795e+01 5.534714804092886631e+00
2.840000000000011937e+01 5.533715439913660106e+00
2.850000000000012079e+01 5.532604020609460882e+00
2.860000000000012221e+01 5.531380859653084237e+00
2.870000000000012363e+01 5.530046263327673017e+00
2.880000000000012506e+01 5.528600530846317973e+00
2.890000000000012648e+01 5.527043954469278653e+00
2.900000000000012790e+01 5.525376819618876389e+00
2.910000000000012932e+01 5.523599404992116213e+00
2.920000000000013074e+01 5.521711982671085650e+00
2.930000000000013216e+01 5.519714818231179265e+00
2.940000000000013358e+01 5.517608170847208449e+00
2.950000000000013500e+01 5.515392293397435530e+00
2.960000000000013642e+01 5.513067432565574855e+00
2.970000000000013785e+01 5.510633828940825651e+00
2.980000000000013927e+01 5.508091717115952690e+00
2.990000000000014069e+01 5.505441325783479556e+00
3.000000000000014211e+01 5.502682877830050501e+00
3.010000000000014353e+01 5.499816590428934227e+00
3.020000000000014495e+01 5.496842675130814371e+00
3.030000000000014637e+01 5.493761337952804524e+00
3.040000000000014779e+01 5.490572779465793474e+00
3.050000000000014921e+01 5.487277194880129549e+00
3.060000000000015064e+01 5.483874774129684937e+00
3.070000000000015206e+01 5.480365701954333701e+00
3.080000000000015348e+01 5.476750157980884381e+00
3.090000000000015490e+01 5.473028316802489357e+00
3.100000000000015632e+01 5.469200348056582506e+00
3.110000000000015774e+01 5.465266416501355806e+00
3.120000000000015916e+01 5.461226682090821960e+00
3.130000000000016058e+01 5.457081300048474581e+00
3.140000000000016200e+01 5.452830420939615230e+00
3.150000000000016342e+01 5.448474190742311762e+00
3.160000000000016485e+01 5.444012750917095467e+00
3.170000000000016627e+01 5.439446238475351691e+00
3.180000000000016769e+01 5.434774786046469686e+00
3.190000000000016911e+01 5.429998521943784517e+00
3.200000000000017053e+01 5.425117570229306629e+00
3.210000000000017195e+01 5.420132050777285215e+00
3.220000000000017337e+01 5.415042079336629399e+00
3.230000000000017479e+01 5.409847767592203205e+00
3.240000000000017621e+01 5.404549223225015631e+00
3.250000000000017764e+01 5.399146549971349351e+00
3.260000000000017906e+01 5.393639847680814725e+00
3.270000000000018048e+01 5.388029212373391275e+00
3.280000000000018190e+01 5.382314736295442437e+00
3.290000000000018332e+01 5.376496507974743544e+00
3.300000000000018474e+01 5.370574612274549686e+00
3.310000000000018616e+01 5.364549130446696346e+00
3.320000000000018758e+01 5.358420140183771885e+00
3.330000000000018900e+01 5.352187715670402746e+00
3.340000000000019043e+01 5.345851927633597178e+00
3.350000000000019185e+01 5.339412843392254970e+00
3.360000000000019327e+01 5.332870526905801434e+00
3.370000000000019469e+01 5.326225038821980284e+00
3.380000000000019611e+01 5.319476436523817853e+00
3.390000000000019753e+01 5.312624774175792375e+00
3.400000000000019895e+01 5.305670102769202146e+00
3.410000000000020037e+01 5.298612470166752964e+00
3.420000000000020179e+01 5.291451921146393289e+00
3.430000000000020322e+01 5.284188497444404220e+00
3.440000000000020464e+01 5.276822237797748727e+00
3.450000000000020606e+01 5.269353177985708570e+00
3.460000000000020748e+01 5.261781350870822216e+00
3.470000000000020890e+01 5.254106786439129984e+00
3.480000000000021032e+01 5.246329511839738835e+00
3.490000000000021174e+01 5.238449551423732586e+00
3.500000000000021316e+01 5.230466926782428416e+00
3.510000000000021458e+01 5.222381656784992110e+00
3.520000000000021600e+01 5.214193757615436020e+00
3.530000000000021743e+01 5.205903242808995302e+00
3.540000000000021885e+01 5.197510123287911732e+00
3.550000000000022027e+01 5.189014407396614459e+00
3.560000000000022169e+01 5.180416100936342971e+00
3.570000000000022311e+01 5.171715207199174991e+00
3.580000000000022453e+01 5.162911727001520568e+00
3.590000000000022595e+01 5.154005658717061955e+00
3.600000000000022737e+01 5.144996998309146363e+00
3.610000000000022879e+01 5.135885739362675118e+00
3.620000000000023022e+01 5.126671873115454581e+00
3.630000000000023164e+01 5.117355388489053247e+00
3.640000000000023306e+01 5.107936272119156129e+00
3.650000000000023448e+01 5.098414508385433308e+00
3.660000000000023590e+01 5.088790079440934200e+00
3.670000000000023732e+01 5.079062965240995098e+00
3.680000000000023874e+01 5.069233143571715061e+00
3.690000000000024016e+01 5.059300590077937088e+00
3.700000000000024158e+01 5.049265278290832271e+00
3.710000000000024301e+01 5.039127179655007893e+00
3.720000000000024443e+01 5.028886263555212288e+00
3.730000000000024585e+01 5.018542497342600939e+00
3.740000000000024727e+01 5.008095846360605563e+00
3.750000000000024869e+01 4.997546273970387531e+00
3.760000000000025011e+01 4.986893741575898709e+00
3.770000000000025153e+01 4.976138208648540839e+00
3.780000000000025295e+01 4.965279632751458117e+00
3.790000000000025437e+01 4.954317969563433621e+00
3.800000000000025580e+01 4.943253172902442039e+00
3.810000000000025722e+01 4.932085194748794699e+00
3.820000000000025864e+01 4.920813985267982638e+00
3.830000000000026006e+01 4.909439492833116425e+00
3.840000000000026148e+01 4.897961664047064012e+00
3.850000000000026290e+01 4.886380443764218207e+00
3.860000000000026432e+01 4.874695775111953289e+00
3.870000000000026574e+01 4.862907599511739676e+00
3.880000000000026716e+01 4.851015856699950390e+00
3.890000000000026859e+01 4.839020484748335349e+00
3.900000000000027001e+01 4.826921420084209657e+00
3.910000000000027143e+01 4.814718597510315057e+00
3.920000000000027285e+01 4.802411950224392712e+00
3.930000000000027427e+01 4.790001409838459345e+00
3.940000000000027569e+01 4.777486906397800936e+00
3.950000000000027711e+01 4.764868368399671539e+00
3.960000000000027853e+01 4.752145722811711437e+00
3.970000000000027995e+01 4.739318895090121941e+00
3.980000000000028137e+01 4.726387809197518663e+00
3.990000000000028280e+01 4.713352387620562745e+00
4.000000000000028422e+01 4.700212551387317639e+00
4.010000000000028564e+01 4.686968220084342107e+00
4.020000000000028706e+01 4.673619311873543403e+00
4.030000000000028848e+01 4.660165743508779101e+00
4.040000000000028990e+01 4.646607430352208468e+00
4.050000000000029132e+01 4.632944286390416444e+00
4.060000000000029274e+01 4.619176224250294283e+00
4.070000000000029416e+01 4.605303155214693689e+00
4.080000000000029559e+01 4.591324989237854481e+00
4.090000000000029701e+01 4.577241634960597771e+00
4.100000000000029843e+01 4.563052999725313086e+00
4.110000000000029985e+01 4.548758989590724333e+00
4.120000000000030127e+01 4.534359509346441719e+00
4.130000000000030269e+01 4.519854462527306715e+00
4.140000000000030411e+01 4.505243751427525645e+00
4.150000000000030553e+01 4.490527277114613192e+00
4.160000000000030695e+01 4.475704939443126307e+00
4.170000000000030838e+01 4.460776637068203598e+00
4.180000000000030980e+01 4.445742267458916430e+00
4.190000000000031122e+01 4.430601726911434390e+00
4.200000000000031264e+01 4.415354910561987367e+00
4.210000000000031406e+01 4.400001712399667753e+00
4.220000000000031548e+01 4.384542025279034583e+00
4.230000000000031690e+01 4.368975740932548923e+00
4.240000000000031832e+01 4.353302749982830733e+00
4.250000000000031974e+01 4.337522941954746969e+00
4.260000000000032117e+01 4.321636205287334498e+00
4.270000000000032259e+01 4.305642427345544476e+00
4.280000000000032401e+01 4.289541494431831303e+00
4.290000000000032543e+01 4.273333291797593247e+00
4.300000000000032685e+01 4.257017703654420338e+00
4.310000000000032827e+01 4.240594613185227679e+00
4.320000000000032969e+01 4.224063902555203143e+00
4.330000000000033111e+01 4.207425452922626263e+00
4.340000000000033253e+01 4.190679144449519278e+00
4.350000000000033396e+01 4.173824856312167597e+00
4.360000000000033538e+01 4.156862466711491066e+00
4.370000000000033680e+01 4.139791852883268675e+00
4.380000000000033822e+01 4.122612891108228261e+00
4.390000000000033964e+01 4.105325456722007438e+00
4.400000000000034106e+01 4.087929424124959965e+00
4.410000000000034248e+01 4.070424666791843116e+00
4.420000000000034390e+01 4.052811057281374474e+00
4.430000000000034532e+01 4.035088467245651955e+00
4.440000000000034674e+01 4.017256767439454812e+00
4.450000000000034817e+01 3.999315827729408745e+00
4.460000000000034959e+01 3.981265517103043106e+00
4.470000000000035101e+01 3.963105703677716640e+00
4.480000000000035243e+01 3.944836254709424228e+00
4.490000000000035385e+01 3.926457036601487260e+00
4.500000000000035527e+01 3.907967914913131668e+00
4.510000000000035669e+01 3.889368754367948711e+00
4.520000000000035811e+01 3.870659418862245182e+00
4.530000000000035953e+01 3.851839771473277274e+00
4.540000000000036096e+01 3.832909674467384509e+00
4.550000000000036238e+01 3.813868989308014879e+00
4.560000000000036380e+01 3.794717576663636294e+00
4.570000000000036522e+01 3.775455296415549444e+00
4.580000000000036664e+01 3.756082007665604738e+00
4.590000000000036806e+01 3.736597568743803333e+00
4.600000000000036948e+01 3.717001837215813342e+00
4.610000000000037090e+01 3.697294669890378138e+00
4.620000000000037232e+01 3.677475922826637156e+00
4.630000000000037375e+01 3.657545451341341014e+00
4.640000000000037517e+01 3.637503110015978702e+00
4.650000000000037659e+01 3.617348752703816395e+00
4.660000000000037801e+01 3.597082232536838120e+00
4.670000000000037943e+01 3.576703401932598503e+00
4.680000000000038085e+01 3.556212112600992015e+00
4.690000000000038227e+01 3.535608215550928968e+00
4.700000000000038369e+01 3.514891561096930683e+00
4.710000000000038511e+01 3.494061998865636287e+00
4.720000000000038654e+01 3.473119377802229124e+00
4.730000000000038796e+01 3.452063546176779241e+00
4.740000000000038938e+01 3.430894351590509483e+00
4.750000000000039080e+01 3.409611640981971004e+00
4.760000000000039222e+01 3.388215260633159254e+00
4.770000000000039364e+01 3.366705056175526511e+00
4.780000000000039506e+01 3.345080872595942001e+00
4.790000000000039648e+01 3.323342554242569857e+00
4.800000000000039790e+01 3.301489944830659606e+00
4.810000000000039933e+01 3.279522887448285573e+00
4.820000000000040075e+01 3.257441224561996140e+00
4.830000000000040217e+01 3.235244798022400836e+00
4.840000000000040359e+01 3.212933449069693026e+00
4.850000000000040501e+01 3.190507018339081124e+00
4.860000000000040643e+01 3.167965345866178506e+00
4.870000000000040785e+01 3.145308271092317032e+00
4.880000000000040927e+01 3.122535632869780198e+00
4.890000000000041069e+01 3.099647269466994093e+00
4.900000000000041211e+01 3.076643018573637089e+00
4.910000000000041354e+01 3.053522717305698908e+00
4.920000000000041496e+01 3.030286202210460633e+00
4.930000000000041638e+01 3.006933309271433430e+00
4.940000000000041780e+01 2.983463873913220432e+00
4.950000000000041922e+01 2.959877731006319124e+00
4.960000000000042064e+01 2.936174714871887304e+00
4.970000000000042206e+01 2.912354659286413572e+00
4.980000000000042348e+01 2.888417397486364724e+00
4.990000000000042490e+01 2.864362762172753651e+00
5.000000000000042633e+01 2.840190585515660615e+00
5.010000000000042775e+01 2.815900699158701670e+00
5.020000000000042917e+01 2.791492934223444244e+00
5.030000000000043059e+01 2.766967121313747224e+00
5.040000000000043201e+01 2.742323090520086826e+00
5.050000000000043343e+01 2.717560671423791430e+00
5.060000000000043485e+01 2.692679693101251104e+00
5.070000000000043627e+01 2.667679984128069837e+00
5.080000000000043769e+01 2.642561372583156043e+00
5.090000000000043912e+01 2.617323686052782872e+00
5.100000000000044054e+01 2.591966751634582344e+00
5.110000000000044196e+01 2.566490395941501745e+00
5.120000000000044338e+01 2.540894445105717825e+00
5.130000000000044480e+01 2.515178724782480391e+00
5.140000000000044622e+01 2.489343060153938136e+00
5.150000000000044764e+01 2.463387275932903187e+00
5.160000000000044906e+01 2.437311196366570787e+00
5.170000000000045048e+01 2.411114645240203913e+00
5.180000000000045191e+01 2.384797445880763256e+00
5.190000000000045333e+01 2.358359421160495906e+00
5.200000000000045475e+01 2.331800393500496504e+00
5.210000000000045617e+01 2.305120184874199118e+00
5.220000000000045759e+01 2.278318616810852681e+00
5.230000000000045901e+01 2.251395510398945365e+00
5.240000000000046043e+01 2.224350686289576995e+00
5.250000000000046185e+01 2.197183964699817249e+00
5.260000000000046327e+01 2.169895165416010574e+00
5.270000000000046469e+01 2.142484107797027360e+00
5.280000000000046612e+01 2.114950610777506679e+00
5.290000000000046754e+01 2.087294492871043960e+00
5.300000000000046896e+01 2.059515572173330256e+00
5.310000000000047038e+01 2.031613666365282622e+00
5.320000000000047180e+01 2.003588592716125216e+00
5.330000000000047322e+01 1.975440168086416204e+00
5.340000000000047464e+01 1.947168208931069788e+00
5.350000000000047606e+01 1.918772531302323614e+00
5.360000000000047748e+01 1.890252950852682190e+00
5.370000000000047891e+01 1.861609282837812573e+00
5.380000000000048033e+01 1.832841342119419847e+00
5.390000000000048175e+01 1.803948943168087071e+00
5.400000000000048317e+01 1.774931900066076595e+00
5.410000000000048459e+01 1.745790026510098292e+00
5.420000000000048601e+01 1.716523135814063794e+00
5.430000000000048743e+01 1.687131040911771906e+00
5.440000000000048885e+01 1.657613554359609775e+00
5.450000000000049027e+01 1.627970488339186117e+00
5.460000000000049170e+01 1.598201654659952009e+00
5.470000000000049312e+01 1.568306864761782604e+00
5.480000000000049454e+01 1.538285929717534861e+00
5.490000000000049596e+01 1.508138660235582185e+00
5.500000000000049738e+01 1.477864866662303100e+00
5.510000000000049880e+01 1.447464358984564825e+00
5.520000000000050022e+01 1.416936946832135336e+00
5.530000000000050164e+01 1.386282439480135853e+00
5.540000000000050306e+01 1.355500645851401398e+00
5.550000000000050449e+01 1.324591374518853781e+00
5.560000000000050591e+01 1.293554433707810425e+00
5.570000000000050733e+01 1.262389631298326709e+00
5.580000000000050875e+01 1.231096774827442397e+00
5.590000000000051017e+01 1.199675671491461149e+00
5.600000000000051159e+01 1.168126128148156972e+00
5.610000000000051301e+01 1.136447951318992455e+00
5.620000000000051443e+01 1.104640947191292799e+00
5.630000000000051585e+01 1.072704921620393215e+00
5.640000000000051728e+01 1.040639680131788536e+00
5.650000000000051870e+01 1.008445027923203785e+00
5.660000000000052012e+01 9.761207698667139221e-01
5.670000000000052154e+01 9.436667105107768849e-01
5.680000000000052296e+01 9.110826540822792863e-01
5.690000000000052438e+01 8.783684044885400333e-01
5.700000000000052580e+01 8.455237653193169445e-01
5.710000000000052722e+01 8.125485398487527489e-01
5.720000000000052864e+01 7.794425310373381821e-01
5.730000000000053006e+01 7.462055415338247899e-01
5.740000000000053149e+01 7.128373736771330682e-01
5.750000000000053291e+01 6.793378294982362897e-01
5.760000000000053433e+01 6.457067107220043622e-01
5.770000000000053575e+01 6.119438187690590114e-01
5.780000000000053717e+01 5.780489547575916598e-01
5.790000000000053859e+01 5.440219195051549939e-01
5.800000000000054001e+01 5.098625135304429845e-01
5.810000000000054143e+01 4.755705370550502020e-01
5.820000000000054285e+01 4.411457900052119241e-01
5.830000000000054428e+01 4.065880720135261472e-01
5.840000000000054570e+01 3.718971824206433463e-01
5.850000000000054712e+01 3.370729202769721655e-01
5.860000000000054854e+01 3.021150843443053402e-01
5.870000000000054996e+01 2.670234730975004078e-01
5.880000000000055138e+01 2.317978847260919462e-01
5.890000000000055280e+01 1.964381171358907385e-01
5.900000000000055422e+01 1.609439679505947907e-01
5.910000000000055564e+01 1.253152345133378975e-01
5.920000000000055707e+01 8.955171388827097567e-02
5.930000000000055849e+01 5.365320286207946737e-02
5.940000000000055991e+01 1.761949794552170045e-02
5.950000000000056133e+01 -1.854960462508186206e-02
5.960000000000056275e+01 -5.485430888634296870e-02
5.970000000000056417e+01 -9.129481914635337314e-02
5.980000000000056559e+01 -1.278713399832147879e-01
5.990000000000056701e+01 -1.645840762435970828e-01
6.000000000000056843e+01 -2.014332330413290406e-01
6.010000000000056986e+01 -2.384190157559816781e-01
6.020000000000057128e+01 -2.755416300314740830e-01
6.030000000000057270e+01 -3.128012817746965157e-01
6.040000000000057412e+01 -3.501981771541445299e-01
6.050000000000057554e+01 -3.877325225985912560e-01
6.060000000000057696e+01 -4.254045247957269349e-01
6.070000000000057838e+01 -4.632143906908613440e-01
6.080000000000057980e+01 -5.011623274856061849e-01
6.090000000000058122e+01 -5.392485426366085965e-01
6.100000000000058265e+01 -5.774732438542321544e-01
6.110000000000058407e+01 -6.158366391013615493e-01
6.120000000000058549e+01 -6.543389365920807554e-01
6.130000000000058691e+01 -6.929803447905112934e-01
6.140000000000058833e+01 -7.317610724095325869e-01
6.150000000000058975e+01 -7.706813284096069028e-01
6.160000000000059117e+01 -8.097413219975849730e-01
6.170000000000059259e+01 -8.489412626255182781e-01
6.180000000000059401e+01 -8.882813599894912038e-01
6.190000000000059543e+01 -9.277618240284614126e-01
6.200000000000059686e+01 -9.673828649231410726e-01
6.210000000000059828e+01 -1.007144693094835564e+00
6.220000000000059970e+01 -1.047047519204350019e+00
6.230000000000060112e+01 -1.087091554150866779e+00
6.240000000000060254e+01 -1.127277009070872582e+00
6.250000000000060396e+01 -1.167604095337062553e+00
6.260000000000060538e+01 -1.208073024557267505e+00
6.270000000000060680e+01 -1.248684008573415438e+00
6.280000000000060822e+01 -1.289437259460461283e+00
6.290000000000060965e+01 -1.330332989525374821e+00
6.300000000000061107e+01 -1.371371411306101518e+00
6.310000000000061249e+01 -1.412552737570557104e+00
6.320000000000061391e+01 -1.453877181315630152e+00
6.330000000000061533e+01 -1.495344955766186645e+00
6.340000000000061675e+01 -1.536956274374086773e+00
6.350000000000061817e+01 -1.578711350817235237e+00
6.360000000000061959e+01 -1.620610398998585167e+00
6.370000000000062101e+01 -1.662653633045249491e+00
6.380000000000062244e+01 -1.704841267307501518e+00
6.390000000000062386e+01 -1.747173516357892531e+00
6.400000000000062528e+01 -1.789650594990304544e+00
6.410000000000061959e+01 -1.832272718219077889e+00
6.420000000000062812e+01 -1.875040101278088400e+00
6.430000000000063665e+01 -1.917952959619860342e+00
6.440000000000063096e+01 -1.961011508914696444e+00
6.450000000000062528e+01 -2.004215965049822579e+00
6.460000000000063380e+01 -2.047566544128517574e+00
6.470000000000064233e+01 -2.091063462469254564e+00
6.480000000000063665e+01 -2.134706936604870542e+00
6.490000000000063096e+01 -2.178497183281745908e+00
6.500000000000063949e+01 -2.222434419458989119e+00
6.510000000000064801e+01 -2.266518862307589366e+00
6.520000000000064233e+01 -2.310750729209635868e+00
6.530000000000063665e+01 -2.355130237757545153e+00
6.540000000000064517e+01 -2.399657605753249712e+00
6.550000000000065370e+01 -2.444333051207408403e+00
6.560000000000064801e+01 -2.489156792338665269e+00
6.570000000000064233e+01 -2.534129047572892812e+00
6.580000000000065086e+01 -2.579250035542424602e+00
6.590000000000065938e+01 -2.624519975085309209e+00
6.600000000000065370e+01 -2.669939085244582788e+00
6.610000000000064801e+01 -2.715507585267554980e+00
6.620000000000065654e+01 -2.761225694605077052e+00
6.630000000000066507e+01 -2.807093632910821146e+00
6.640000000000065938e+01 -2.853111620040602148e+00
6.650000000000065370e+01 -2.899279876051668925e+00
6.660000000000066223e+01 -2.945598621202008882e+00
6.670000000000067075e+01 -2.992068075949697370e+00
6.680000000000066507e+01 -3.038688460952177817e+00
6.690000000000065938e+01 -3.085459997065652438e+00
6.700000000000066791e+01 -3.132382905344403223e+00
6.710000000000067644e+01 -3.179457407040117367e+00
6.720000000000067075e+01 -3.226683723601263765e+00
6.730000000000066507e+01 -3.274062076672489496e+00
6.740000000000067359e+01 -3.321592688093943480e+00
6.750000000000068212e+01 -3.369275779900664958e+00
6.760000000000067644e+01 -3.417111574321987977e+00
6.770000000000067075e+01 -3.465100293780939644e+00
6.780000000000067928e+01 -3.513242160893605526e+00
6.790000000000068781e+01 -3.561537398468566984e+00
6.800000000000068212e+01 -3.609986229506291000e+00
6.810000000000067644e+01 -3.658588877198574174e+00
6.820000000000068496e+01 -3.707345564927970294e+00
6.830000000000069349e+01 -3.756256516267174828e+00
6.840000000000068781e+01 -3.805321954978526655e+00
6.850000000000068212e+01 -3.854542105013420983e+00
6.860000000000069065e+01 -3.903917190511772439e+00
6.870000000000069917e+01 -3.953447435801457299e+00
6.880000000000069349e+01 -4.003133065397788570e+00
6.890000000000068781e+01 -4.052974304002994188e+00
6.900000000000069633e+01 -4.102971376505696099e+00
6.910000000000070486e+01 -4.153124507980360036e+00
6.920000000000069917e+01 -4.203433923686820783e+00
6.930000000000069349e+01 -4.253899849069762595e+00
6.940000000000070202e+01 -4.304522509758223592e+00
6.950000000000071054e+01 -4.355302131565092161e+00
6.960000000000070486e+01 -4.406238940486613131e+00
6.970000000000069917e+01 -4.457333162701949902e+00
6.980000000000070770e+01 -4.508585024572654198e+00
6.990000000000071623e+01 -4.559994752642206883e+00
7.000000000000071054e+01 -4.611562573635572093e+00
7.010000000000070486e+01 -4.663288714458722950e+00
7.020000000000071338e+01 -4.715173402198198360e+00
7.030000000000072191e+01 -4.767216864120632280e+00
7.040000000000071623e+01 -4.819419327672310516e+00
7.050000000000071054e+01 -4.871781020478774593e+00
7.060000000000071907e+01 -4.924302170344328822e+00
7.070000000000072760e+01 -4.976983005251643277e+00
7.080000000000072191e+01 -5.029823753361324812e+00
7.090000000000071623e+01 -5.082824643011500498e+00
7.100000000000072475e+01 -5.135985902717413509e+00
7.110000000000073328e+01 -5.189307761170981692e+00
7.120000000000072760e+01 -5.242790447240409435e+00
7.130000000000072191e+01 -5.296434189969827067e+00
7.140000000000073044e+01 -5.350239218578847655e+00
7.150000000000073896e+01 -5.404205762462182427e+00
7.160000000000073328e+01 -5.458334051189271285e+00
7.170000000000072760e+01 -5.512624314503903555e+00
7.180000000000073612e+01 -5.567076782323859163e+00
7.190000000000074465e+01 -5.621691684740476980e+00
7.200000000000073896e+01 -5.676469252018339517e+00
7.210000000000073328e+01 -5.731409714594920324e+00
7.220000000000074181e+01 -5.786513303080200288e+00
7.230000000000075033e+01 -5.841780248256300823e+00
7.240000000000074465e+01 -5.897210781077168562e+00
7.250000000000073896e+01 -5.952805132668220089e+00
7.260000000000074749e+01 -6.008563534326007094e+00
7.270000000000075602e+01 -6.064486217517867317e+00
7.280000000000075033e+01 -6.120573413881576386e+00
7.290000000000074465e+01 -6.176825355225082248e+00
7.300000000000075318e+01 -6.233242273526120591e+00
7.310000000000076170e+01 -6.289824400931939508e+00
7.320000000000075602e+01 -6.346571969758930898e+00
7.330000000000075033e+01 -6.403485212492387113e+00
7.340000000000075886e+01 -6.460564361786151011e+00
7.350000000000076739e+01 -6.517809650462309534e+00
7.360000000000076170e+01 -6.575221311510920152e+00
7.370000000000075602e+01 -6.632799578089698223e+00
7.380000000000076454e+01 -6.690544683523731884e+00
7.390000000000077307e+01 -6.748456861305203169e+00
7.400000000000076739e+01 -6.806536345093066487e+00
7.410000000000076170e+01 -6.864783368712836342e+00
7.420000000000077023e+01 -6.923198166156245392e+00
7.430000000000077875e+01 -6.981780971581014406e+00
7.440000000000077307e+01 -7.040532019310544065e+00
7.450000000000076739e+01 -7.099451543833692924e+00
7.460000000000077591e+01 -7.158539779804497627e+00
7.470000000000078444e+01 -7.217796962041910902e+00
7.480000000000077875e+01 -7.277223325529538656e+00
7.490000000000077307e+01 -7.336819105415413489e+00
7.500000000000078160e+01 -7.396584537011732685e+00
7.510000000000079012e+01 -7.456519855794604190e+00
7.520000000000078444e+01 -7.516625297403816575e+00
7.530000000000077875e+01 -7.576901097642622318e+00
7.540000000000078728e+01 -7.637347492477463362e+00
7.550000000000079581e+01 -7.697964718037773046e+00
7.560000000000079012e+01 -7.758753010615708767e+00
7.570000000000078444e+01 -7.819712606665986776e+00
7.580000000000079297e+01 -7.880843742805629937e+00
7.590000000000080149e+01 -7.942146655813726142e+00
7.600000000000079581e+01 -8.003621582631232911e+00
7.610000000000079012e+01 -8.065268760360797984e+00
7.620000000000079865e+01 -8.127088426266510623e+00
7.630000000000080718e+01 -8.189080817773703558e+00
7.640000000000080149e+01 -8.251246172468745144e+00
7.650000000000079581e+01 -8.313584728098868837e+00
7.660000000000080433e+01 -8.376096722571972464e+00
7.670000000000081286e+01 -8.438782393956378414e+00
7.680000000000080718e+01 -8.501641980480679095e+00
7.690000000000080149e+01 -8.564675720533559300e+00
7.700000000000081002e+01 -8.627883852663616793e+00
7.710000000000081855e+01 -8.691266615579138488e+00
7.720000000000081286e+01 -8.754824248147928145e+00
7.730000000000080718e+01 -8.818556989397183798e+00
7.740000000000081570e+01 -8.882465078513300583e+00
7.750000000000082423e+01 -8.946548754841646911e+00
7.760000000000081855e+01 -9.010808257886452566e+00
7.770000000000081286e+01 -9.075243827310643496e+00
7.780000000000082139e+01 -9.139855702935687276e+00
7.790000000000082991e+01 -9.204644124741358624e+00
7.800000000000082423e+01 -9.269609332865677231e+00
7.810000000000081855e+01 -9.334751567604701705e+00
7.820000000000082707e+01 -9.400071069412414104e+00
7.830000000000083560e+01 -9.465568078900508553e+00
7.840000000000082991e+01 -9.531242836838300647e+00
7.850000000000082423e+01 -9.597095584152581793e+00
7.860000000000083276e+01 -9.663126561927454006e+00
7.870000000000084128e+01 -9.729336011404205564e+00
7.880000000000083560e+01 -9.795724173981140481e+00
7.890000000000082991e+01 -9.862291291213519884e+00
7.900000000000083844e+01 -9.929037604813370166e+00
7.910000000000084697e+01 -9.995963356649349763e+00
7.920000000000084128e+01 -1.006306878874666033e+01
7.930000000000083560e+01 -1.013035414328689932e+01
7.940000000000084412e+01 -1.019781966260796580e+01
7.950000000000085265e+01 -1.026546558920388641e+01
7.960000000000084697e+01 -1.033329216572474962e+01
7.970000000000084128e+01 -1.040129963497657783e+01
7.980000000000084981e+01 -1.046948823992121014e+01
7.990000000000085834e+01 -1.053785822367617264e+01
