2.000000000000000000e+01 3.223742557095674588e-01
2.010000000000000142e+01 3.328644722104951437e-01
2.020000000000000284e+01 3.431714505657708636e-01
2.030000000000000426e+01 3.532969588178953013e-01
2.040000000000000568e+01 3.632427284046533811e-01
2.050000000000000711e+01 3.730104549887666154e-01
2.060000000000000853e+01 3.826017992653880095e-01
2.070000000000000995e+01 3.920183877480565293e-01
2.080000000000001137e+01 4.012618135338137382e-01
2.090000000000001279e+01 4.103336370480766826e-01
2.100000000000001421e+01 4.192353867699254999e-01
2.110000000000001563e+01 4.279685599383510342e-01
2.120000000000001705e+01 4.365346232400665882e-01
2.130000000000001847e+01 4.449350134794246014e-01
2.140000000000001990e+01 4.531711382309673852e-01
2.150000000000002132e+01 4.612443764751404385e-01
2.160000000000002274e+01 4.691560792176508454e-01
2.170000000000002416e+01 4.769075700929737982e-01
2.180000000000002558e+01 4.845001459524403420e-01
2.190000000000002700e+01 4.919350774374086632e-01
2.200000000000002842e+01 4.992136095378980620e-01
2.210000000000002984e+01 5.063369621371438534e-01
2.220000000000003126e+01 5.133063305424692135e-01
2.230000000000003268e+01 5.201228860028758172e-01
2.240000000000003411e+01 5.267877762137210818e-01
2.250000000000003553e+01 5.333021258088647132e-01
2.260000000000003695e+01 5.396670368406326634e-01
2.270000000000003837e+01 5.458835892479600993e-01
2.280000000000003979e+01 5.519528413130214695e-01
2.290000000000004121e+01 5.578758301067074932e-01
2.300000000000004263e+01 5.636535719232208530e-01
2.310000000000004405e+01 5.692870627041456411e-01
2.320000000000004547e+01 5.747772784522262590e-01
2.330000000000004690e+01 5.801251756352018285e-01
2.340000000000004832e+01 5.853316915799183784e-01
2.350000000000004974e+01 5.903977448570294495e-01
2.360000000000005116e+01 5.953242356565121574e-01
2.370000000000005258e+01 6.001120461542733819e-01
2.380000000000005400e+01 6.047620408700746797e-01
2.390000000000005542e+01 6.092750670170236083e-01
2.400000000000005684e+01 6.136519548428459592e-01
2.410000000000005826e+01 6.178935179631744878e-01
2.420000000000005969e+01 6.220005536870710783e-01
2.430000000000006111e+01 6.259738433349645303e-01
2.440000000000006253e+01 6.298141525492475523e-01
2.450000000000006395e+01 6.335222315976932750e-01
2.460000000000006537e+01 6.370988156699008975e-01
2.470000000000006679e+01 6.405446251669464353e-01
2.480000000000006821e+01 6.438603659844294169e-01
2.490000000000006963e+01 6.470467297890689640e-01
2.500000000000007105e+01 6.501043942890351035e-01
2.510000000000007248e+01 6.530340234981819592e-01
2.520000000000007390e+01 6.558362679943195994e-01
2.530000000000007532e+01 6.585117651717002918e-01
2.540000000000007674e+01 6.610611394878609381e-01
2.550000000000007816e+01 6.634850027049644661e-01
2.560000000000007958e+01 6.657839541257858373e-01
2.570000000000008100e+01 6.679585808244767886e-01
2.580000000000008242e+01 6.700094578722445293e-01
2.590000000000008384e+01 6.719371485580718506e-01
2.600000000000008527e+01 6.737422046046009916e-01
2.610000000000008669e+01 6.754251663793167104e-01
2.620000000000008811e+01 6.769865631011213747e-01
2.630000000000008953e+01 6.784269130424519512e-01
2.640000000000009095e+01 6.797467237270136131e-01
2.650000000000009237e+01 6.809464921232716295e-01
2.660000000000009379e+01 6.820267048337773641e-01
2.670000000000009521e+01 6.829878382804653869e-01
2.680000000000009663e+01 6.838303588859792059e-01
2.690000000000009805e+01 6.845547232511633995e-01
2.700000000000009948e+01 6.851613783287944237e-01
2.710000000000010090e+01 6.856507615936353606e-01
2.720000000000010232e+01 6.860233012089289595e-01
2.730000000000010374e+01 6.862794161893922551e-01
2.740000000000010516e+01 6.864195165608074634e-01
2.750000000000010658e+01 6.864440035162920895e-01
2.760000000000010800e+01 6.863532695693224106e-01
2.770000000000010942e+01 6.861476987035953767e-01
2.780000000000011084e+01 6.858276665197888811e-01
2.790000000000011227e+01 6.853935403793265380e-01
2.800000000000011369e+01 6.848456795451765000e-01
2.810000000000011511e+01 6.841844353197815698e-01
2.820000000000011653e+01 6.834101511801864426e-01
2.830000000000011795e+01 6.825231629104195896e-01
2.840000000000011937e+01 6.815237987311932866e-01
2.850000000000012079e+01 6.804123794269940628e-01
2.860000000000012221e+01 6.791892184706174174e-01
2.870000000000012363e+01 6.778546221452059761e-01
2.880000000000012506e+01 6.764088896638509318e-01
2.890000000000012648e+01 6.748523132868115004e-01
2.900000000000012790e+01 6.731851784364089042e-01
2.910000000000012932e+01 6.714077638096496159e-01
2.920000000000013074e+01 6.695203414886191640e-01
2.930000000000013216e+01 6.675231770487124461e-01
2.940000000000013358e+01 6.654165296647421846e-01
2.950000000000013500e+01 6.632006522149690442e-01
2.960000000000013642e+01 6.608757913831087016e-01
2.970000000000013785e+01 6.584421877583589433e-01
2.980000000000013927e+01 6.559000759334849828e-01
2.990000000000014069e+01 6.532496846010131808e-01
3.000000000000014211e+01 6.504912366475834595e-01
3.010000000000014353e+01 6.476249492464680735e-01
3.020000000000014495e+01 6.446510339483474405e-01
3.030000000000014637e+01 6.415696967703374831e-01
3.040000000000014779e+01 6.383811382833265435e-01
3.050000000000014921e+01 6.350855536976629523e-01
3.060000000000015064e+01 6.316831329472182288e-01
3.070000000000015206e+01 6.281740607718671043e-01
3.080000000000015348e+01 6.245585167984167851e-01
3.090000000000015490e+01 6.208366756200217607e-01
3.100000000000015632e+01 6.170087068741156866e-01
3.110000000000015774e+01 6.130747753188896532e-01
3.120000000000015916e+01 6.090350409083548078e-01
3.130000000000016058e+01 6.048896588660082063e-01
3.140000000000016200e+01 6.006387797571475229e-01
3.150000000000016342e+01 5.962825495598444991e-01
3.160000000000016485e+01 5.918211097346286476e-01
3.170000000000016627e+01 5.872545972928844282e-01
3.180000000000016769e+01 5.825831448640027554e-01
3.190000000000016911e+01 5.778068807613171431e-01
3.200000000000017053e+01 5.729259290468394772e-01
3.210000000000017195e+01 5.679404095948178410e-01
3.220000000000017337e+01 5.628504381541619139e-01
3.230000000000017479e+01 5.576561264097360526e-01
3.240000000000017621e+01 5.523575820425488114e-01
3.250000000000017764e+01 5.469549087888820882e-01
3.260000000000017906e+01 5.414482064983473508e-01
3.270000000000018048e+01 5.358375711909245664e-01
3.280000000000018190e+01 5.301230951129748403e-01
3.290000000000018332e+01 5.243048667922770578e-01
3.300000000000018474e+01 5.183829710920832001e-01
3.310000000000018616e+01 5.123574892642287493e-01
3.320000000000018758e+01 5.062284990013055097e-01
3.330000000000018900e+01 4.999960744879359265e-01
3.340000000000019043e+01 4.936602864511299149e-01
3.350000000000019185e+01 4.872212022097885398e-01
3.360000000000019327e+01 4.806788857233350032e-01
3.370000000000019469e+01 4.740333976395135207e-01
3.380000000000019611e+01 4.672847953413508670e-01
3.390000000000019753e+01 4.604331329933258887e-01
3.400000000000019895e+01 4.534784615867348823e-01
3.410000000000020037e+01 4.464208289842856447e-01
3.420000000000020179e+01 4.392602799639264699e-01
3.430000000000020322e+01 4.319968562619375674e-01
3.440000000000020464e+01 4.246305966152817413e-01
3.450000000000020606e+01 4.171615368032418059e-01
3.460000000000020748e+01 4.095897096883552302e-01
3.470000000000020890e+01 4.019151452566629978e-01
3.480000000000021032e+01 3.941378706572718493e-01
3.490000000000021174e+01 3.862579102412658227e-01
3.500000000000021316e+01 3.782752855999619301e-01
3.510000000000021458e+01 3.701900156025250688e-01
3.520000000000021600e+01 3.620021164329684793e-01
3.530000000000021743e+01 3.537116016265288154e-01
3.540000000000021885e+01 3.453184821054446907e-01
3.550000000000022027e+01 3.368227662141479728e-01
3.560000000000022169e+01 3.282244597538761521e-01
3.570000000000022311e+01 3.195235660167082270e-01
3.580000000000022453e+01 3.107200858190540260e-01
3.590000000000022595e+01 3.018140175345943588e-01
3.600000000000022737e+01 2.928053571266794330e-01
3.610000000000022879e+01 2.836940981802082429e-01
3.620000000000023022e+01 2.744802319329873175e-01
3.630000000000023164e+01 2.651637473065863726e-01
3.640000000000023306e+01 2.557446309366889770e-01
3.650000000000023448e+01 2.462228672029666554e-01
3.660000000000023590e+01 2.365984382584670198e-01
3.670000000000023732e+01 2.268713240585283342e-01
3.680000000000023874e+01 2.170415023892478257e-01
3.690000000000024016e+01 2.071089488954706015e-01
3.700000000000024158e+01 1.970736371083650351e-01
3.710000000000024301e+01 1.869355384725409908e-01
3.720000000000024443e+01 1.766946223727454135e-01
3.730000000000024585e+01 1.663508561601337032e-01
3.740000000000024727e+01 1.559042051781389382e-01
3.750000000000024869e+01 1.453546327879208233e-01
3.760000000000025011e+01 1.347021003934315841e-01
3.770000000000025153e+01 1.239465674660735484e-01
3.780000000000025295e+01 1.130879915689908116e-01
3.790000000000025437e+01 1.021263283809671768e-01
3.800000000000025580e+01 9.106153171997476148e-02
3.810000000000025722e+01 7.989355356632797667e-02
3.820000000000025864e+01 6.862234408551569353e-02
3.830000000000026006e+01 5.724785165064913417e-02
3.840000000000026148e+01 4.577002286459679048e-02
3.850000000000026290e+01 3.418880258175149844e-02
3.860000000000026432e+01 2.250413392948674707e-02
3.870000000000026574e+01 1.071595832927321745e-02
3.880000000000026716e+01 -1.175784482516820150e-03
3.890000000000026859e+01 -1.317115643413153611e-02
3.900000000000027001e+01 -2.527022109825746710e-02
3.910000000000027143e+01 -3.747304367215191501e-02
3.920000000000027285e+01 -4.977969095807427413e-02
3.930000000000027427e+01 -6.219023134400730735e-02
3.940000000000027569e+01 -7.470473478466553574e-02
3.950000000000027711e+01 -8.732327278279576610e-02
3.960000000000027853e+01 -1.000459183707550492e-01
3.970000000000027995e+01 -1.128727460923445308e-01
3.980000000000028137e+01 -1.258038319849481557e-01
3.990000000000028280e+01 -1.388392535619041301e-01
4.000000000000028422e+01 -1.519790897951495967e-01
4.010000000000028564e+01 -1.652234210981245732e-01
4.020000000000028706e+01 -1.785723293089230557e-01
4.030000000000028848e+01 -1.920258976736874679e-01
4.040000000000028990e+01 -2.055842108302587956e-01
4.050000000000029132e+01 -2.192473547920508470e-01
4.060000000000029274e+01 -2.330154169321721480e-01
4.070000000000029416e+01 -2.468884859677727694e-01
4.080000000000029559e+01 -2.608666519446126153e-01
4.090000000000029701e+01 -2.749500062218693808e-01
4.100000000000029843e+01 -2.891386414571538443e-01
4.110000000000029985e+01 -3.034326515917423195e-01
4.120000000000030127e+01 -3.178321318360252667e-01
4.130000000000030269e+01 -3.323371786551604368e-01
4.140000000000030411e+01 -3.469478897549410079e-01
4.150000000000030553e+01 -3.616643640678539051e-01
4.160000000000030695e+01 -3.764867017393409565e-01
4.170000000000030838e+01 -3.914150041142635539e-01
4.180000000000030980e+01 -4.064493737235503334e-01
4.190000000000031122e+01 -4.215899142710328729e-01
4.200000000000031264e+01 -4.368367306204793965e-01
4.210000000000031406e+01 -4.521899287827992331e-01
4.220000000000031548e+01 -4.676496159034327360e-01
4.230000000000031690e+01 -4.832159002499182288e-01
4.240000000000031832e+01 -4.988888911996364750e-01
4.250000000000031974e+01 -5.146686992277196282e-01
4.260000000000032117e+01 -5.305554358951322103e-01
4.270000000000032259e+01 -5.465492138369222319e-01
4.280000000000032401e+01 -5.626501467506351828e-01
4.290000000000032543e+01 -5.788583493848734607e-01
4.300000000000032685e+01 -5.951739375280464817e-01
4.310000000000032827e+01 -6.115970279972395840e-01
4.320000000000032969e+01 -6.281277386272634544e-01
4.330000000000033111e+01 -6.447661882598404448e-01
4.340000000000033253e+01 -6.615124967329473193e-01
4.350000000000033396e+01 -6.783667848702988890e-01
4.360000000000033538e+01 -6.953291744709755307e-01
4.370000000000033680e+01 -7.123997882991985886e-01
4.380000000000033822e+01 -7.295787500742390019e-01
4.390000000000033964e+01 -7.468661844604593814e-01
4.400000000000034106e+01 -7.642622170575072982e-01
4.410000000000034248e+01 -7.817669743906238145e-01
4.420000000000034390e+01 -7.993805839010925673e-01
4.430000000000034532e+01 -8.171031739368145308e-01
4.440000000000034674e+01 -8.349348737430118961e-01
4.450000000000034817e+01 -8.528758134530581847e-01
4.460000000000034959e+01 -8.709261240794238246e-01
4.470000000000035101e+01 -8.890859375047502899e-01
4.480000000000035243e+01 -9.073553864730428131e-01
4.490000000000035385e+01 -9.257346045809796697e-01
4.500000000000035527e+01 -9.442237262693350397e-01
4.510000000000035669e+01 -9.628228868145179975e-01
4.520000000000035811e+01 -9.815322223202217478e-01
4.530000000000035953e+01 -1.000351869709189545e+00
4.540000000000036096e+01 -1.019281966715082310e+00
4.550000000000036238e+01 -1.038322651874451719e+00
4.560000000000036380e+01 -1.057474064518830303e+00
4.570000000000036522e+01 -1.076736344766917375e+00
4.580000000000036664e+01 -1.096109633516862081e+00
4.590000000000036806e+01 -1.115594072438663709e+00
4.600000000000036948e+01 -1.135189803966653255e+00
4.610000000000037090e+01 -1.154896971292088459e+00
4.620000000000037232e+01 -1.174715718355829885e+00
4.630000000000037375e+01 -1.194646189841125805e+00
4.640000000000037517e+01 -1.214688531166488117e+00
4.650000000000037659e+01 -1.234842888478650202e+00
4.660000000000037801e+01 -1.255109408645628699e+00
4.670000000000037943e+01 -1.275488239249868538e+00
4.680000000000038085e+01 -1.295979528581474804e+00
4.690000000000038227e+01 -1.316583425631537851e+00
4.700000000000038369e+01 -1.337300080085536136e+00
4.710000000000038511e+01 -1.358129642316830754e+00
4.720000000000038654e+01 -1.379072263380237473e+00
4.730000000000038796e+01 -1.400128095005687801e+00
4.740000000000038938e+01 -1.421297289591957558e+00
4.750000000000039080e+01 -1.442580000200495816e+00
4.760000000000039222e+01 -1.463976380549307565e+00
4.770000000000039364e+01 -1.485486585006940308e+00
4.780000000000039506e+01 -1.507110768586524818e+00
4.790000000000039648e+01 -1.528849086939897184e+00
4.800000000000039790e+01 -1.550701696351807213e+00
4.810000000000039933e+01 -1.572668753734181246e+00
4.820000000000040075e+01 -1.594750416620470901e+00
4.830000000000040217e+01 -1.616946843160065983e+00
4.840000000000040359e+01 -1.639258192112773793e+00
4.850000000000040501e+01 -1.661684622843385917e+00
4.860000000000040643e+01 -1.684226295316288313e+00
4.870000000000040785e+01 -1.706883370090149787e+00
4.880000000000040927e+01 -1.729656008312686843e+00
4.890000000000041069e+01 -1.752544371715472948e+00
4.900000000000041211e+01 -1.775548622608829952e+00
4.910000000000041354e+01 -1.798668923876767689e+00
4.920000000000041496e+01 -1.821905438972006186e+00
4.930000000000041638e+01 -1.845258331911033611e+00
4.940000000000041780e+01 -1.868727767269246387e+00
4.950000000000041922e+01 -1.892313910176147695e+00
4.960000000000042064e+01 -1.916016926310579738e+00
4.970000000000042206e+01 -1.939836981896053247e+00
4.980000000000042348e+01 -1.963774243696102095e+00
4.990000000000042490e+01 -1.987828879009712946e+00
5.000000000000042633e+01 -2.012001055666806426e+00
5.010000000000042775e+01 -2.036290942023765371e+00
5.020000000000042917e+01 -2.060698706959022797e+00
5.030000000000043059e+01 -2.085224519868719817e+00
5.040000000000043201e+01 -2.109868550662380215e+00
5.050000000000043343e+01 -2.134630969758675167e+00
5.060000000000043485e+01 -2.159511948081215493e+00
5.070000000000043627e+01 -2.184511657054396760e+00
5.080000000000043769e+01 -2.209630268599310554e+00
5.090000000000043912e+01 -2.234867955129684169e+00
5.100000000000044054e+01 -2.260224889547884253e+00
5.110000000000044196e+01 -2.285701245240964852e+00
5.120000000000044338e+01 -2.311297196076749216e+00
5.130000000000044480e+01 -2.337012916399986207e+00
5.140000000000044622e+01 -2.362848581028528461e+00
5.150000000000044764e+01 -2.388804365249563411e+00
5.160000000000044906e+01 -2.414880444815895810e+00
5.170000000000045048e+01 -2.441076995942262684e+00
5.180000000000045191e+01 -2.467394195301703785e+00
5.190000000000045333e+01 -2.493832220021970691e+00
5.200000000000045475e+01 -2.520391247681970537e+00
5.210000000000045617e+01 -2.547071456308267923e+00
5.220000000000045759e+01 -2.573873024371613916e+00
5.230000000000045901e+01 -2.600796130783521676e+00
5.240000000000046043e+01 -2.627840954892890046e+00
5.250000000000046185e+01 -2.655007676482649792e+00
5.260000000000046327e+01 -2.682296475766456023e+00
5.270000000000046469e+01 -2.709707533385439238e+00
5.280000000000046612e+01 -2.737241030404960362e+00
5.290000000000046754e+01 -2.764897148311423081e+00
5.300000000000046896e+01 -2.792676069009136341e+00
5.310000000000047038e+01 -2.820577974817184419e+00
5.320000000000047180e+01 -2.848603048466341825e+00
5.330000000000047322e+01 -2.876751473096050393e+00
5.340000000000047464e+01 -2.905023432251397253e+00
5.350000000000047606e+01 -2.933419109880143427e+00
5.360000000000047748e+01 -2.961938690329784407e+00
5.370000000000047891e+01 -2.990582358344654246e+00
5.380000000000048033e+01 -3.019350299063046972e+00
5.390000000000048175e+01 -3.048242698014379748e+00
5.400000000000048317e+01 -3.077259741116390224e+00
5.410000000000048459e+01 -3.106401614672368527e+00
5.420000000000048601e+01 -3.135668505368403025e+00
5.430000000000048743e+01 -3.165060600270694913e+00
5.440000000000048885e+01 -3.194578086822857266e+00
5.450000000000049027e+01 -3.224221152843280702e+00
5.460000000000049170e+01 -3.253989986522514588e+00
5.470000000000049312e+01 -3.283884776420684215e+00
5.480000000000049454e+01 -3.313905711464931958e+00
5.490000000000049596e+01 -3.344052980946884635e+00
5.500000000000049738e+01 -3.374326774520163497e+00
5.510000000000049880e+01 -3.404727282197902216e+00
5.520000000000050022e+01 -3.435254694350331484e+00
5.530000000000050164e+01 -3.465909201702330744e+00
5.540000000000050306e+01 -3.496690995331065643e+00
5.550000000000050449e+01 -3.527600266663613038e+00
5.560000000000050591e+01 -3.558637207474656172e+00
5.570000000000050733e+01 -3.589802009884139888e+00
5.580000000000050875e+01 -3.621094866355024422e+00
5.590000000000051017e+01 -3.652515969691005449e+00
5.600000000000051159e+01 -3.684065513034310069e+00
5.610000000000051301e+01 -3.715743689863474142e+00
5.620000000000051443e+01 -3.747550693991173798e+00
5.630000000000051585e+01 -3.779486719562073382e+00
5.640000000000051728e+01 -3.811551961050678283e+00
5.650000000000051870e+01 -3.843746613259263256e+00
5.660000000000052012e+01 -3.876070871315752786e+00
5.670000000000052154e+01 -3.908524930671689823e+00
5.680000000000052296e+01 -3.941108987100187644e+00
5.690000000000052438e+01 -3.973823236693927008e+00
5.700000000000052580e+01 -4.006667875863150208e+00
5.710000000000052722e+01 -4.039643101333713737e+00
5.720000000000052864e+01 -4.072749110145128526e+00
5.730000000000053006e+01 -4.105986099648641918e+00
5.740000000000053149e+01 -4.139354267505333418e+00
5.750000000000053291e+01 -4.172853811684230863e+00
5.760000000000053433e+01 -4.206484930460462124e+00
5.770000000000053575e+01 -4.240247822413407697e+00
5.780000000000053717e+01 -4.274142686424875492e+00
5.790000000000053859e+01 -4.308169721677312047e+00
5.800000000000054001e+01 -4.342329127652023502e+00
5.810000000000054143e+01 -4.376621104127417006e+00
5.820000000000054285e+01 -4.411045851177254562e+00
5.830000000000054428e+01 -4.445603569168940616e+00
5.840000000000054570e+01 -4.480294458761823861e+00
5.850000000000054712e+01 -4.515118720905494598e+00
5.860000000000054854e+01 -4.550076556838161146e+00
5.870000000000054996e+01 -4.585168168084966744e+00
5.880000000000055138e+01 -4.620393756456374845e+00
5.890000000000055280e+01 -4.655753524046575720e+00
5.900000000000055422e+01 -4.691247673231871751e+00
5.910000000000055564e+01 -4.726876406669129338e+00
5.920000000000055707e+01 -4.762639927294196163e+00
5.930000000000055849e+01 -4.798538438320387733e+00
5.940000000000055991e+01 -4.834572143236945507e+00
5.950000000000056133e+01 -4.870741245807548303e+00
5.960000000000056275e+01 -4.907045950068809503e+00
5.970000000000056417e+01 -4.943486460328820442e+00
5.980000000000056559e+01 -4.980062981165681357e+00
5.990000000000056701e+01 -5.016775717426064318e+00
6.000000000000056843e+01 -5.053624874223795693e+00
6.010000000000056986e+01 -5.090610656938448386e+00
6.020000000000057128e+01 -5.127733271213941180e+00
6.030000000000057270e+01 -5.164992922957162946e+00
6.040000000000057412e+01 -5.202389818336611071e+00
6.050000000000057554e+01 -5.239924163781058297e+00
6.060000000000057696e+01 -5.277596165978193810e+00
6.070000000000057838e+01 -5.315406031873328274e+00
6.080000000000057980e+01 -5.353353968668073115e+00
6.090000000000058122e+01 -5.391440183819075749e+00
6.100000000000058265e+01 -5.429664885036698863e+00
6.110000000000058407e+01 -5.468028280283828479e+00
6.120000000000058549e+01 -5.506530577774547908e+00
6.130000000000058691e+01 -5.545171985972977780e+00
6.140000000000058833e+01 -5.583952713591999739e+00
6.150000000000058975e+01 -5.622872969592073389e+00
6.160000000000059117e+01 -5.661932963180051459e+00
6.170000000000059259e+01 -5.701132903807985208e+00
6.180000000000059401e+01 -5.740473001171958245e+00
6.190000000000059543e+01 -5.779953465210928343e+00
6.200000000000059686e+01 -5.819574506105608336e+00
6.210000000000059828e+01 -5.859336334277302605e+00
6.220000000000059970e+01 -5.899239160386817282e+00
6.230000000000060112e+01 -5.939283195333334042e+00
6.240000000000060254e+01 -5.979468650253339845e+00
6.250000000000060396e+01 -6.019795736519529150e+00
6.260000000000060538e+01 -6.060264665739734546e+00
6.270000000000060680e+01 -6.100875649755882257e+00
6.280000000000060822e+01 -6.141628900642928102e+00
6.290000000000060965e+01 -6.182524630707841418e+00
6.300000000000061107e+01 -6.223563052488568559e+00
6.310000000000061249e+01 -6.264744378753023923e+00
6.320000000000061391e+01 -6.306068822498096971e+00
6.330000000000061533e+01 -6.347536596948653909e+00
6.340000000000061675e+01 -6.389147915556553592e+00
6.350000000000061817e+01 -6.430902991999702500e+00
6.360000000000061959e+01 -6.472802040181051986e+00
6.370000000000062101e+01 -6.514845274227716310e+00
6.380000000000062244e+01 -6.557032908489968115e+00
6.390000000000062386e+01 -6.599365157540359128e+00
6.400000000000062528e+01 -6.641842236172771585e+00
6.410000000000061959e+01 -6.684464359401545153e+00
6.420000000000062812e+01 -6.727231742460554997e+00
6.430000000000063665e+01 -6.770144600802327162e+00
6.440000000000063096e+01 -6.813203150097163707e+00
6.450000000000062528e+01 -6.856407606232289176e+00
6.460000000000063380e+01 -6.899758185310984615e+00
6.470000000000064233e+01 -6.943255103651721605e+00
6.480000000000063665e+01 -6.986898577787337139e+00
6.490000000000063096e+01 -7.030688824464212949e+00
6.500000000000063949e+01 -7.074626060641455716e+00
6.510000000000064801e+01 -7.118710503490055963e+00
6.520000000000064233e+01 -7.162942370392102909e+00
6.530000000000063665e+01 -7.207321878940011750e+00
6.540000000000064517e+01 -7.251849246935716309e+00
6.550000000000065370e+01 -7.296524692389875000e+00
6.560000000000064801e+01 -7.341348433521131867e+00
6.570000000000064233e+01 -7.386320688755359853e+00
6.580000000000065086e+01 -7.431441676724891643e+00
6.590000000000065938e+01 -7.476711616267776250e+00
6.600000000000065370e+01 -7.522130726427049829e+00
6.610000000000064801e+01 -7.567699226450021577e+00
6.620000000000065654e+01 -7.613417335787543649e+00
6.630000000000066507e+01 -7.659285274093288187e+00
6.640000000000065938e+01 -7.705303261223068745e+00
6.650000000000065370e+01 -7.751471517234135966e+00
6.660000000000066223e+01 -7.797790262384475923e+00
6.670000000000067075e+01 -7.844259717132164411e+00
6.680000000000066507e+01 -7.890880102134644858e+00
6.690000000000065938e+01 -7.937651638248119035e+00
6.700000000000066791e+01 -7.984574546526870265e+00
6.710000000000067644e+01 -8.031649048222584852e+00
6.720000000000067075e+01 -8.078875364783730362e+00
6.730000000000066507e+01 -8.126253717854956093e+00
6.740000000000067359e+01 -8.173784329276410077e+00
6.750000000000068212e+01 -8.221467421083131555e+00
6.760000000000067644e+01 -8.269303215504454130e+00
6.770000000000067075e+01 -8.317291934963407130e+00
6.780000000000067928e+01 -8.365433802076072567e+00
6.790000000000068781e+01 -8.413729039651034469e+00
6.800000000000068212e+01 -8.462177870688757153e+00
6.810000000000067644e+01 -8.510780518381041659e+00
6.820000000000068496e+01 -8.559537206110437779e+00
6.830000000000069349e+01 -8.608448157449641869e+00
6.840000000000068781e+01 -8.657513596160994140e+00
6.850000000000068212e+01 -8.706733746195887136e+00
6.860000000000069065e+01 -8.756108831694239925e+00
6.870000000000069917e+01 -8.805639076983924340e+00
6.880000000000069349e+01 -8.855324706580255167e+00
6.890000000000068781e+01 -8.905165945185460785e+00
6.900000000000069633e+01 -8.955163017688162697e+00
6.910000000000070486e+01 -9.005316149162826633e+00
6.920000000000069917e+01 -9.055625564869288269e+00
6.930000000000069349e+01 -9.106091490252229192e+00
6.940000000000070202e+01 -9.156714150940690189e+00
6.950000000000071054e+01 -9.207493772747557870e+00
6.960000000000070486e+01 -9.258430581669079729e+00
6.970000000000069917e+01 -9.309524803884416499e+00
6.980000000000070770e+01 -9.360776665755119907e+00
6.990000000000071623e+01 -9.412186393824672592e+00
7.000000000000071054e+01 -9.463754214818038690e+00
7.010000000000070486e+01 -9.515480355641189547e+00
7.020000000000071338e+01 -9.567365043380664957e+00
7.030000000000072191e+01 -9.619408505303098877e+00
7.040000000000071623e+01 -9.671610968854777113e+00
7.050000000000071054e+01 -9.723972661661241190e+00
7.060000000000071907e+01 -9.776493811526796307e+00
7.070000000000072760e+01 -9.829174646434109874e+00
7.080000000000072191e+01 -9.882015394543792297e+00
7.090000000000071623e+01 -9.935016284193967095e+00
7.100000000000072475e+01 -9.988177543899880106e+00
7.110000000000073328e+01 -1.004149940235344829e+01
7.120000000000072760e+01 -1.009498208842287603e+01
7.130000000000072191e+01 -1.014862583115229455e+01
7.140000000000073044e+01 -1.020243085976131425e+01
7.150000000000073896e+01 -1.025639740364464814e+01
7.160000000000073328e+01 -1.031052569237173699e+01
7.170000000000072760e+01 -1.036481595568636926e+01
7.180000000000073612e+01 -1.041926842350632576e+01
7.190000000000074465e+01 -1.047388332592294446e+01
7.200000000000073896e+01 -1.052866089320080611e+01
7.210000000000073328e+01 -1.058360135577738781e+01
7.220000000000074181e+01 -1.063870494426266688e+01
7.230000000000075033e+01 -1.069397188943876742e+01
7.240000000000074465e+01 -1.074940242225963516e+01
7.250000000000073896e+01 -1.080499677385068757e+01
7.260000000000074749e+01 -1.086075517550847458e+01
7.270000000000075602e+01 -1.091667785870033391e+01
7.280000000000075033e+01 -1.097276505506404298e+01
7.290000000000074465e+01 -1.102901699640754885e+01
7.300000000000075318e+01 -1.108543391470858630e+01
7.310000000000076170e+01 -1.114201604211440610e+01
7.320000000000075602e+01 -1.119876361094139838e+01
7.330000000000075033e+01 -1.125567685367485460e+01
7.340000000000075886e+01 -1.131275600296861761e+01
7.350000000000076739e+01 -1.137000129164477613e+01
7.360000000000076170e+01 -1.142741295269338764e+01
7.370000000000075602e+01 -1.148499121927216571e+01
7.380000000000076454e+01 -1.154273632470619937e+01
7.390000000000077307e+01 -1.160064850248767065e+01
7.400000000000076739e+01 -1.165872798627553308e+01
7.410000000000076170e+01 -1.171697500989530383e+01
7.420000000000077023e+01 -1.177538980733871199e+01
7.430000000000077875e+01 -1.183397261276348011e+01
7.440000000000077307e+01 -1.189272366049300977e+01
7.450000000000076739e+01 -1.195164318501615952e+01
7.460000000000077591e+01 -1.201073142098696422e+01
7.470000000000078444e+01 -1.206998860322437750e+01
7.480000000000077875e+01 -1.212941496671200525e+01
7.490000000000077307e+01 -1.218901074659788009e+01
7.500000000000078160e+01 -1.224877617819419839e+01
7.510000000000079012e+01 -1.230871149697707168e+01
7.520000000000078444e+01 -1.236881693858628317e+01
7.530000000000077875e+01 -1.242909273882508892e+01
7.540000000000078728e+01 -1.248953913365992996e+01
7.550000000000079581e+01 -1.255015635922024053e+01
7.560000000000079012e+01 -1.261094465179817625e+01
7.570000000000078444e+01 -1.267190424784845426e+01
7.580000000000079297e+01 -1.273303538398809742e+01
7.590000000000080149e+01 -1.279433829699619274e+01
7.600000000000079581e+01 -1.285581322381369951e+01
7.610000000000079012e+01 -1.291746040154326458e+01
7.620000000000079865e+01 -1.297928006744897722e+01
7.630000000000080718e+01 -1.304127245895617015e+01
7.640000000000080149e+01 -1.310343781365121174e+01
7.650000000000079581e+01 -1.316577636928133721e+01
7.660000000000080433e+01 -1.322828836375443906e+01
7.670000000000081286e+01 -1.329097403513884679e+01
7.680000000000080718e+01 -1.335383362166314569e+01
7.690000000000080149e+01 -1.341686736171602767e+01
7.700000000000081002e+01 -1.348007549384608517e+01
7.710000000000081855e+01 -1.354345825676160509e+01
7.720000000000081286e+01 -1.360701588933039474e+01
7.730000000000080718e+01 -1.367074863057965217e+01
7.740000000000081570e+01 -1.373465671969576718e+01
7.750000000000082423e+01 -1.379874039602411528e+01
7.760000000000081855e+01 -1.386299989906891916e+01
7.770000000000081286e+01 -1.392743546849311187e+01
7.780000000000082139e+01 -1.399204734411815387e+01
7.790000000000082991e+01 -1.405683576592382700e+01
7.800000000000082423e+01 -1.412180097404814383e+01
7.810000000000081855e+01 -1.418694320878716830e+01
7.820000000000082707e+01 -1.425226271059488070e+01
7.830000000000083560e+01 -1.431775972008297515e+01
7.840000000000082991e+01 -1.438343447802076724e+01
7.850000000000082423e+01 -1.444928722533504839e+01
7.860000000000083276e+01 -1.451531820310992060e+01
7.870000000000084128e+01 -1.458152765258667216e+01
7.880000000000083560e+01 -1.464791581516360708e+01
7.890000000000082991e+01 -1.471448293239598648e+01
7.900000000000083844e+01 -1.478122924599583676e+01
7.910000000000084697e+01 -1.484815499783181636e+01
7.920000000000084128e+01 -1.491526042992912693e+01
7.930000000000083560e+01 -1.498254578446936591e+01
7.940000000000084412e+01 -1.505001130379043417e+01
7.950000000000085265e+01 -1.511765723038635301e+01
7.960000000000084697e+01 -1.518548380690721800e+01
7.970000000000084128e+01 -1.525349127615904443e+01
7.980000000000084981e+01 -1.532167988110367673e+01
7.990000000000085834e+01 -1.539004986485863924e+01
