2.000000000000000000e+01 3.961517986596418073e+00
2.010000000000000142e+01 3.972008203097345369e+00
2.020000000000000284e+01 3.982315181452621200e+00
2.030000000000000426e+01 3.992440689704745971e+00
2.040000000000000568e+01 4.002386459291503940e+00
2.050000000000000711e+01 4.012154185875616896e+00
2.060000000000000853e+01 4.021745530152237791e+00
2.070000000000000995e+01 4.031162118634906477e+00
2.080000000000001137e+01 4.040405544420663908e+00
2.090000000000001279e+01 4.049477367934926519e+00
2.100000000000001421e+01 4.058379117656775392e+00
2.110000000000001563e+01 4.067112290825201093e+00
2.120000000000001705e+01 4.075678354126917036e+00
2.130000000000001847e+01 4.084078744366275160e+00
2.140000000000001990e+01 4.092314869117817722e+00
2.150000000000002132e+01 4.100388107361990997e+00
2.160000000000002274e+01 4.108299810104501404e+00
2.170000000000002416e+01 4.116051300979823857e+00
2.180000000000002558e+01 4.123643876839290456e+00
2.190000000000002700e+01 4.131078808324258667e+00
2.200000000000002842e+01 4.138357340424748010e+00
2.210000000000002984e+01 4.145480693023993801e+00
2.220000000000003126e+01 4.152450061429319383e+00
2.230000000000003268e+01 4.159266616889725654e+00
2.240000000000003411e+01 4.165931507100570919e+00
2.250000000000003553e+01 4.172445856695714994e+00
2.260000000000003695e+01 4.178810767727482833e+00
2.270000000000003837e+01 4.185027320134810935e+00
2.280000000000003979e+01 4.191096572199872305e+00
2.290000000000004121e+01 4.197019560993558329e+00
2.300000000000004263e+01 4.202797302810070690e+00
2.310000000000004405e+01 4.208430793590995478e+00
2.320000000000004547e+01 4.213921009339076207e+00
2.330000000000004690e+01 4.219268906522052553e+00
2.340000000000004832e+01 4.224475422466768215e+00
2.350000000000004974e+01 4.229541475743880063e+00
2.360000000000005116e+01 4.234467966543362216e+00
2.370000000000005258e+01 4.239255777041123885e+00
2.380000000000005400e+01 4.243905771756924850e+00
2.390000000000005542e+01 4.248418797903874555e+00
2.400000000000005684e+01 4.252795685729696018e+00
2.410000000000005826e+01 4.257037248850024547e+00
2.420000000000005969e+01 4.261144284573920693e+00
2.430000000000006111e+01 4.265117574221815033e+00
2.440000000000006253e+01 4.268957883436097944e+00
2.450000000000006395e+01 4.272665962484543556e+00
2.460000000000006537e+01 4.276242546556750845e+00
2.470000000000006679e+01 4.279688356053796383e+00
2.480000000000006821e+01 4.283004096871279920e+00
2.490000000000006963e+01 4.286190460675919134e+00
2.500000000000007105e+01 4.289248125175885384e+00
2.510000000000007248e+01 4.292177754385032351e+00
2.520000000000007390e+01 4.294979998881169436e+00
2.530000000000007532e+01 4.297655496058550462e+00
2.540000000000007674e+01 4.300204870374710886e+00
2.550000000000007816e+01 4.302628733591814303e+00
2.560000000000007958e+01 4.304927685012636118e+00
2.570000000000008100e+01 4.307102311711326514e+00
2.580000000000008242e+01 4.309153188759094810e+00
2.590000000000008384e+01 4.311080879444922687e+00
2.600000000000008527e+01 4.312885935491451939e+00
2.610000000000008669e+01 4.314568897266166658e+00
2.620000000000008811e+01 4.316130293987971989e+00
2.630000000000008953e+01 4.317570643929301788e+00
2.640000000000009095e+01 4.318890454613863561e+00
2.650000000000009237e+01 4.320090223010121910e+00
2.660000000000009379e+01 4.321170435720627978e+00
2.670000000000009521e+01 4.322131569167315668e+00
2.680000000000009663e+01 4.322974089772829487e+00
2.690000000000009805e+01 4.323698454138013680e+00
2.700000000000009948e+01 4.324305109215644372e+00
2.710000000000010090e+01 4.324794492480485530e+00
2.720000000000010232e+01 4.325167032095779795e+00
2.730000000000010374e+01 4.325423147076242536e+00
2.740000000000010516e+01 4.325563247447657744e+00
2.750000000000010658e+01 4.325587734403142370e+00
2.760000000000010800e+01 4.325497000456172358e+00
2.770000000000010942e+01 4.325291429590445880e+00
2.780000000000011084e+01 4.324971397406639717e+00
2.790000000000011227e+01 4.324537271266176930e+00
2.800000000000011369e+01 4.323989410432026226e+00
2.810000000000011511e+01 4.323328166206631629e+00
2.820000000000011653e+01 4.322553882067037279e+00
2.830000000000011795e+01 4.321666893797269537e+00
2.840000000000011937e+01 4.320667529618043012e+00
2.850000000000012079e+01 4.319556110313844677e+00
2.860000000000012221e+01 4.318332949357468031e+00
2.870000000000012363e+01 4.316998353032055924e+00
2.880000000000012506e+01 4.315552620550700880e+00
2.890000000000012648e+01 4.313996044173661559e+00
2.900000000000012790e+01 4.312328909323259296e+00
2.910000000000012932e+01 4.310551494696500008e+00
2.920000000000013074e+01 4.308664072375468557e+00
2.930000000000013216e+01 4.306666907935563060e+00
2.940000000000013358e+01 4.304560260551592243e+00
2.950000000000013500e+01 4.302344383101819325e+00
2.960000000000013642e+01 4.300019522269958649e+00
2.970000000000013785e+01 4.297585918645208558e+00
2.980000000000013927e+01 4.295043806820335597e+00
2.990000000000014069e+01 4.292393415487863351e+00
3.000000000000014211e+01 4.289634967534433407e+00
3.010000000000014353e+01 4.286768680133318021e+00
3.020000000000014495e+01 4.283794764835197277e+00
3.030000000000014637e+01 4.280713427657188319e+00
3.040000000000014779e+01 4.277524869170177269e+00
3.050000000000014921e+01 4.274229284584513344e+00
3.060000000000015064e+01 4.270826863834068732e+00
3.070000000000015206e+01 4.267317791658716608e+00
3.080000000000015348e+01 4.263702247685267288e+00
3.090000000000015490e+01 4.259980406506872264e+00
3.100000000000015632e+01 4.256152437760966301e+00
3.110000000000015774e+01 4.252218506205739601e+00
3.120000000000015916e+01 4.248178771795204867e+00
3.130000000000016058e+01 4.244033389752858376e+00
3.140000000000016200e+01 4.239782510643998137e+00
3.150000000000016342e+01 4.235426280446694669e+00
3.160000000000016485e+01 4.230964840621479262e+00
3.170000000000016627e+01 4.226398328179734598e+00
3.180000000000016769e+01 4.221726875750853480e+00
3.190000000000016911e+01 4.216950611648167424e+00
3.200000000000017053e+01 4.212069659933689536e+00
3.210000000000017195e+01 4.207084140481668122e+00
3.220000000000017337e+01 4.201994169041012306e+00
3.230000000000017479e+01 4.196799857296586111e+00
3.240000000000017621e+01 4.191501312929399425e+00
3.250000000000017764e+01 4.186098639675732258e+00
3.260000000000017906e+01 4.180591937385197632e+00
3.270000000000018048e+01 4.174981302077774181e+00
3.280000000000018190e+01 4.169266825999825343e+00
3.290000000000018332e+01 4.163448597679127339e+00
3.300000000000018474e+01 4.157526701978933481e+00
3.310000000000018616e+01 4.151501220151079252e+00
3.320000000000018758e+01 4.145372229888155680e+00
3.330000000000018900e+01 4.139139805374785652e+00
3.340000000000019043e+01 4.132804017337980085e+00
3.350000000000019185e+01 4.126364933096637877e+00
3.360000000000019327e+01 4.119822616610185229e+00
3.370000000000019469e+01 4.113177128526364079e+00
3.380000000000019611e+01 4.106428526228200759e+00
3.390000000000019753e+01 4.099576863880176170e+00
3.400000000000019895e+01 4.092622192473585052e+00
3.410000000000020037e+01 4.085564559871135870e+00
3.420000000000020179e+01 4.078404010850776196e+00
3.430000000000020322e+01 4.071140587148787127e+00
3.440000000000020464e+01 4.063774327502131634e+00
3.450000000000020606e+01 4.056305267690092364e+00
3.460000000000020748e+01 4.048733440575206011e+00
3.470000000000020890e+01 4.041058876143512890e+00
3.480000000000021032e+01 4.033281601544121742e+00
3.490000000000021174e+01 4.025401641128116381e+00
3.500000000000021316e+01 4.017419016486811323e+00
3.510000000000021458e+01 4.009333746489375017e+00
3.520000000000021600e+01 4.001145847319818927e+00
3.530000000000021743e+01 3.992855332513378652e+00
3.540000000000021885e+01 3.984462212992295083e+00
3.550000000000022027e+01 3.975966497100998254e+00
3.560000000000022169e+01 3.967368190640726322e+00
3.570000000000022311e+01 3.958667296903558341e+00
3.580000000000022453e+01 3.949863816705904362e+00
3.590000000000022595e+01 3.940957748421444862e+00
3.600000000000022737e+01 3.931949088013529714e+00
3.610000000000022879e+01 3.922837829067058468e+00
3.620000000000023022e+01 3.913623962819837487e+00
3.630000000000023164e+01 3.904307478193436598e+00
3.640000000000023306e+01 3.894888361823539036e+00
3.650000000000023448e+01 3.885366598089816659e+00
3.660000000000023590e+01 3.875742169145317106e+00
3.670000000000023732e+01 3.866015054945378449e+00
3.680000000000023874e+01 3.856185233276097968e+00
3.690000000000024016e+01 3.846252679782320882e+00
3.700000000000024158e+01 3.836217367995215177e+00
3.710000000000024301e+01 3.826079269359391244e+00
3.720000000000024443e+01 3.815838353259595639e+00
3.730000000000024585e+01 3.805494587046983845e+00
3.740000000000024727e+01 3.795047936064988914e+00
3.750000000000024869e+01 3.784498363674770882e+00
3.760000000000025011e+01 3.773845831280281615e+00
3.770000000000025153e+01 3.763090298352923746e+00
3.780000000000025295e+01 3.752231722455841023e+00
3.790000000000025437e+01 3.741270059267817416e+00
3.800000000000025580e+01 3.730205262606824945e+00
3.810000000000025722e+01 3.719037284453178049e+00
3.820000000000025864e+01 3.707766074972365988e+00
3.830000000000026006e+01 3.696391582537499332e+00
3.840000000000026148e+01 3.684913753751446919e+00
3.850000000000026290e+01 3.673332533468601557e+00
3.860000000000026432e+01 3.661647864816337083e+00
3.870000000000026574e+01 3.649859689216123471e+00
3.880000000000026716e+01 3.637967946404333297e+00
3.890000000000026859e+01 3.625972574452718700e+00
3.900000000000027001e+01 3.613873509788592564e+00
3.910000000000027143e+01 3.601670687214698408e+00
3.920000000000027285e+01 3.589364039928776062e+00
3.930000000000027427e+01 3.576953499542842696e+00
3.940000000000027569e+01 3.564438996102184731e+00
3.950000000000027711e+01 3.551820458104054445e+00
3.960000000000027853e+01 3.539097812516095232e+00
3.970000000000027995e+01 3.526270984794505736e+00
3.980000000000028137e+01 3.513339898901902014e+00
3.990000000000028280e+01 3.500304477324946095e+00
4.000000000000028422e+01 3.487164641091700545e+00
4.010000000000028564e+01 3.473920309788725458e+00
4.020000000000028706e+01 3.460571401577927197e+00
4.030000000000028848e+01 3.447117833213162896e+00
4.040000000000028990e+01 3.433559520056591374e+00
4.050000000000029132e+01 3.419896376094799351e+00
4.060000000000029274e+01 3.406128313954678077e+00
4.070000000000029416e+01 3.392255244919077484e+00
4.080000000000029559e+01 3.378277078942237388e+00
4.090000000000029701e+01 3.364193724664980678e+00
4.100000000000029843e+01 3.350005089429696437e+00
4.110000000000029985e+01 3.335711079295107684e+00
4.120000000000030127e+01 3.321311599050825070e+00
4.130000000000030269e+01 3.306806552231689622e+00
4.140000000000030411e+01 3.292195841131908995e+00
4.150000000000030553e+01 3.277479366818996098e+00
4.160000000000030695e+01 3.262657029147509213e+00
4.170000000000030838e+01 3.247728726772586505e+00
4.180000000000030980e+01 3.232694357163299781e+00
4.190000000000031122e+01 3.217553816615817297e+00
4.200000000000031264e+01 3.202307000266370718e+00
4.210000000000031406e+01 3.186953802104051103e+00
4.220000000000031548e+01 3.171494114983417489e+00
4.230000000000031690e+01 3.155927830636931830e+00
4.240000000000031832e+01 3.140254839687213639e+00
4.250000000000031974e+01 3.124475031659130764e+00
4.260000000000032117e+01 3.108588294991717849e+00
4.270000000000032259e+01 3.092594517049927827e+00
4.280000000000032401e+01 3.076493584136215098e+00
4.290000000000032543e+01 3.060285381501976598e+00
4.300000000000032685e+01 3.043969793358803688e+00
4.310000000000032827e+01 3.027546702889610586e+00
4.320000000000032969e+01 3.011015992259586938e+00
4.330000000000033111e+01 2.994377542627009614e+00
4.340000000000033253e+01 2.977631234153903073e+00
4.350000000000033396e+01 2.960776946016551392e+00
4.360000000000033538e+01 2.943814556415874861e+00
4.370000000000033680e+01 2.926743942587651581e+00
4.380000000000033822e+01 2.909564980812611168e+00
4.390000000000033964e+01 2.892277546426390789e+00
4.400000000000034106e+01 2.874881513829342872e+00
4.410000000000034248e+01 2.857376756496226466e+00
4.420000000000034390e+01 2.839763146985757825e+00
4.430000000000034532e+01 2.822040556950035750e+00
4.440000000000034674e+01 2.804208857143838163e+00
4.450000000000034817e+01 2.786267917433792096e+00
4.460000000000034959e+01 2.768217606807426456e+00
4.470000000000035101e+01 2.750057793382099991e+00
4.480000000000035243e+01 2.731788344413807579e+00
4.490000000000035385e+01 2.713409126305870611e+00
4.500000000000035527e+01 2.694920004617515019e+00
4.510000000000035669e+01 2.676320844072332061e+00
4.520000000000035811e+01 2.657611508566628533e+00
4.530000000000035953e+01 2.638791861177660625e+00
4.540000000000036096e+01 2.619861764171767859e+00
4.550000000000036238e+01 2.600821079012398229e+00
4.560000000000036380e+01 2.581669666368019644e+00
4.570000000000036522e+01 2.562407386119932795e+00
4.580000000000036664e+01 2.543034097369988089e+00
4.590000000000036806e+01 2.523549658448186683e+00
4.600000000000036948e+01 2.503953926920196693e+00
4.610000000000037090e+01 2.484246759594761489e+00
4.620000000000037232e+01 2.464428012531020507e+00
4.630000000000037375e+01 2.444497541045724365e+00
4.640000000000037517e+01 2.424455199720362053e+00
4.650000000000037659e+01 2.404300842408199745e+00
4.660000000000037801e+01 2.384034322241221471e+00
4.670000000000037943e+01 2.363655491636981854e+00
4.680000000000038085e+01 2.343164202305375365e+00
4.690000000000038227e+01 2.322560305255312318e+00
4.700000000000038369e+01 2.301843650801314034e+00
4.710000000000038511e+01 2.281014088570019194e+00
4.720000000000038654e+01 2.260071467506612475e+00
4.730000000000038796e+01 2.239015635881162591e+00
4.740000000000038938e+01 2.217846441294892390e+00
4.750000000000039080e+01 2.196563730686354354e+00
4.760000000000039222e+01 2.175167350337542604e+00
4.770000000000039364e+01 2.153657145879909862e+00
4.780000000000039506e+01 2.132032962300325352e+00
4.790000000000039648e+01 2.110294643946953208e+00
4.800000000000039790e+01 2.088442034535042957e+00
4.810000000000039933e+01 2.066474977152668924e+00
4.820000000000040075e+01 2.044393314266379047e+00
4.830000000000040217e+01 2.022196887726784187e+00
4.840000000000040359e+01 1.999885538774076377e+00
4.850000000000040501e+01 1.977459108043464253e+00
4.860000000000040643e+01 1.954917435570561857e+00
4.870000000000040785e+01 1.932260360796700382e+00
4.880000000000040927e+01 1.909487722574163326e+00
4.890000000000041069e+01 1.886599359171377222e+00
4.900000000000041211e+01 1.863595108278020218e+00
4.910000000000041354e+01 1.840474807010082481e+00
4.920000000000041496e+01 1.817238291914843984e+00
4.930000000000041638e+01 1.793885398975816559e+00
4.940000000000041780e+01 1.770415963617603783e+00
4.950000000000041922e+01 1.746829820710702474e+00
4.960000000000042064e+01 1.723126804576270432e+00
4.970000000000042206e+01 1.699306748990796923e+00
4.980000000000042348e+01 1.675369487190748075e+00
4.990000000000042490e+01 1.651314851877137224e+00
5.000000000000042633e+01 1.627142675220043744e+00
5.010000000000042775e+01 1.602852788863084799e+00
5.020000000000042917e+01 1.578445023927827373e+00
5.030000000000043059e+01 1.553919211018130575e+00
5.040000000000043201e+01 1.529275180224469954e+00
5.050000000000043343e+01 1.504512761128175002e+00
5.060000000000043485e+01 1.479631782805634455e+00
5.070000000000043627e+01 1.454632073832453187e+00
5.080000000000043769e+01 1.429513462287539394e+00
5.090000000000043912e+01 1.404275775757166222e+00
5.100000000000044054e+01 1.378918841338965695e+00
5.110000000000044196e+01 1.353442485645885096e+00
5.120000000000044338e+01 1.327846534810101176e+00
5.130000000000044480e+01 1.302130814486863741e+00
5.140000000000044622e+01 1.276295149858321487e+00
5.150000000000044764e+01 1.250339365637286537e+00
5.160000000000044906e+01 1.224263286070954138e+00
5.170000000000045048e+01 1.198066734944587486e+00
5.180000000000045191e+01 1.171749535585146607e+00
5.190000000000045333e+01 1.145311510864879478e+00
5.200000000000045475e+01 1.118752483204879633e+00
5.210000000000045617e+01 1.092072274578582247e+00
5.220000000000045759e+01 1.065270706515236254e+00
5.230000000000045901e+01 1.038347600103328494e+00
5.240000000000046043e+01 1.011302775993960124e+00
5.250000000000046185e+01 9.841360544042003777e-01
5.260000000000046327e+01 9.568472551203940357e-01
5.270000000000046469e+01 9.294361975014107102e-01
5.280000000000046612e+01 9.019027004818900295e-01
5.290000000000046754e+01 8.742465825754272002e-01
5.300000000000046896e+01 8.464676618777136063e-01
5.310000000000047038e+01 8.185657560696657509e-01
5.320000000000047180e+01 7.905406824205084559e-01
5.330000000000047322e+01 7.623922577907995546e-01
5.340000000000047464e+01 7.341202986354530280e-01
5.350000000000047606e+01 7.057246210067069647e-01
5.360000000000047748e+01 6.772050405570655407e-01
5.370000000000047891e+01 6.485613725421958131e-01
5.380000000000048033e+01 6.197934318238030871e-01
5.390000000000048175e+01 5.909010328724704220e-01
5.400000000000048317e+01 5.618839897704598352e-01
5.410000000000048459e+01 5.327421162144816424e-01
5.420000000000048601e+01 5.034752255184470338e-01
5.430000000000048743e+01 4.740831306161552572e-01
5.440000000000048885e+01 4.445656440639930707e-01
5.450000000000049027e+01 4.149225780435694677e-01
5.460000000000049170e+01 3.851537443643353598e-01
5.470000000000049312e+01 3.552589544661659549e-01
5.480000000000049454e+01 3.252380194219181009e-01
5.490000000000049596e+01 2.950907499399655354e-01
5.500000000000049738e+01 2.648169563666864512e-01
5.510000000000049880e+01 2.344164486889480370e-01
5.520000000000050022e+01 2.038890365365185198e-01
5.530000000000050164e+01 1.732345291845192314e-01
5.540000000000050306e+01 1.424527355557846098e-01
5.550000000000050449e+01 1.115434642232371043e-01
5.560000000000050591e+01 8.050652341219377561e-02
5.570000000000050733e+01 4.934172100271009415e-02
5.580000000000050875e+01 1.804886453182573749e-02
5.590000000000051017e+01 -1.337223880415545907e-02
5.600000000000051159e+01 -4.492178214745971843e-02
5.610000000000051301e+01 -7.659995897662419395e-02
5.620000000000051443e+01 -1.084069631043238363e-01
5.630000000000051585e+01 -1.403429886752234068e-01
5.640000000000051728e+01 -1.724082301638281967e-01
5.650000000000051870e+01 -2.046028823724130308e-01
5.660000000000052012e+01 -2.369271404289027549e-01
5.670000000000052154e+01 -2.693811997848398754e-01
5.680000000000052296e+01 -3.019652562133374185e-01
5.690000000000052438e+01 -3.346795058070766715e-01
5.700000000000052580e+01 -3.675241449762998158e-01
5.710000000000052722e+01 -4.004993704468639559e-01
5.720000000000052864e+01 -4.336053792582785782e-01
5.730000000000053006e+01 -4.668423687617919704e-01
5.740000000000053149e+01 -5.002105366184836921e-01
5.750000000000053291e+01 -5.337100807973803596e-01
5.760000000000053433e+01 -5.673411995736123981e-01
5.770000000000053575e+01 -6.011040915265577489e-01
5.780000000000053717e+01 -6.349989555380251005e-01
5.790000000000053859e+01 -6.690259907904617664e-01
5.800000000000054001e+01 -7.031853967651737758e-01
5.810000000000054143e+01 -7.374773732405665028e-01
5.820000000000054285e+01 -7.719021202904048362e-01
5.830000000000054428e+01 -8.064598382820905575e-01
5.840000000000054570e+01 -8.411507278749733585e-01
5.850000000000054712e+01 -8.759749900186445393e-01
5.860000000000054854e+01 -9.109328259513113091e-01
5.870000000000054996e+01 -9.460244371981162415e-01
5.880000000000055138e+01 -9.812500255695247864e-01
5.890000000000055280e+01 -1.016609793159725994e+00
5.900000000000055422e+01 -1.052103942345022025e+00
5.910000000000055564e+01 -1.087732675782278724e+00
5.920000000000055707e+01 -1.123496196407345771e+00
5.930000000000055849e+01 -1.159394707433537342e+00
5.940000000000055991e+01 -1.195428412350095115e+00
5.950000000000056133e+01 -1.231597514920698577e+00
5.960000000000056275e+01 -1.267902219181959778e+00
5.970000000000056417e+01 -1.304342729441970050e+00
5.980000000000056559e+01 -1.340919250278831409e+00
5.990000000000056701e+01 -1.377631986539213704e+00
6.000000000000056843e+01 -1.414481143336945745e+00
6.010000000000056986e+01 -1.451466926051598438e+00
6.020000000000057128e+01 -1.488589540327090788e+00
6.030000000000057270e+01 -1.525849192070313221e+00
6.040000000000057412e+01 -1.563246087449761346e+00
6.050000000000057554e+01 -1.600780432894207905e+00
6.060000000000057696e+01 -1.638452435091343640e+00
6.070000000000057838e+01 -1.676262300986478104e+00
6.080000000000057980e+01 -1.714210237781222945e+00
6.090000000000058122e+01 -1.752296452932225357e+00
6.100000000000058265e+01 -1.790521154149848915e+00
6.110000000000058407e+01 -1.828884549396978310e+00
6.120000000000058549e+01 -1.867386846887697516e+00
6.130000000000058691e+01 -1.906028255086128054e+00
6.140000000000058833e+01 -1.944808982705149347e+00
6.150000000000058975e+01 -1.983729238705223663e+00
6.160000000000059117e+01 -2.022789232293201511e+00
6.170000000000059259e+01 -2.061989172921134816e+00
6.180000000000059401e+01 -2.101329270285107853e+00
6.190000000000059543e+01 -2.140809734324078395e+00
6.200000000000059686e+01 -2.180430775218757944e+00
6.210000000000059828e+01 -2.220192603390452213e+00
6.220000000000059970e+01 -2.260095429499966890e+00
6.230000000000060112e+01 -2.300139464446483650e+00
6.240000000000060254e+01 -2.340324919366489453e+00
6.250000000000060396e+01 -2.380652005632679202e+00
6.260000000000060538e+01 -2.421120934852884155e+00
6.270000000000060680e+01 -2.461731918869032310e+00
6.280000000000060822e+01 -2.502485169756078154e+00
6.290000000000060965e+01 -2.543380899820991470e+00
6.300000000000061107e+01 -2.584419321601718167e+00
6.310000000000061249e+01 -2.625600647866173531e+00
6.320000000000061391e+01 -2.666925091611246579e+00
6.330000000000061533e+01 -2.708392866061803517e+00
6.340000000000061675e+01 -2.750004184669703644e+00
6.350000000000061817e+01 -2.791759261112852109e+00
6.360000000000061959e+01 -2.833658309294202038e+00
6.370000000000062101e+01 -2.875701543340866362e+00
6.380000000000062244e+01 -2.917889177603118167e+00
6.390000000000062386e+01 -2.960221426653509180e+00
6.400000000000062528e+01 -3.002698505285921193e+00
6.410000000000061959e+01 -3.045320628514694761e+00
6.420000000000062812e+01 -3.088088011573705050e+00
6.430000000000063665e+01 -3.131000869915477214e+00
6.440000000000063096e+01 -3.174059419210313315e+00
6.450000000000062528e+01 -3.217263875345439228e+00
6.460000000000063380e+01 -3.260614454424134223e+00
6.470000000000064233e+01 -3.304111372764871213e+00
6.480000000000063665e+01 -3.347754846900487191e+00
6.490000000000063096e+01 -3.391545093577362557e+00
6.500000000000063949e+01 -3.435482329754605768e+00
6.510000000000064801e+01 -3.479566772603206015e+00
6.520000000000064233e+01 -3.523798639505252517e+00
6.530000000000063665e+01 -3.568178148053161802e+00
6.540000000000064517e+01 -3.612705516048866361e+00
6.550000000000065370e+01 -3.657380961503025052e+00
6.560000000000064801e+01 -3.702204702634281919e+00
6.570000000000064233e+01 -3.747176957868509461e+00
6.580000000000065086e+01 -3.792297945838041251e+00
6.590000000000065938e+01 -3.837567885380925858e+00
6.600000000000065370e+01 -3.882986995540199882e+00
6.610000000000064801e+01 -3.928555495563171629e+00
6.620000000000065654e+01 -3.974273604900693702e+00
6.630000000000066507e+01 -4.020141543206437795e+00
6.640000000000065938e+01 -4.066159530336219241e+00
6.650000000000065370e+01 -4.112327786347285574e+00
6.660000000000066223e+01 -4.158646531497625531e+00
6.670000000000067075e+01 -4.205115986245314019e+00
6.680000000000066507e+01 -4.251736371247794466e+00
6.690000000000065938e+01 -4.298507907361268643e+00
6.700000000000066791e+01 -4.345430815640019873e+00
6.710000000000067644e+01 -4.392505317335734460e+00
6.720000000000067075e+01 -4.439731633896879970e+00
6.730000000000066507e+01 -4.487109986968105702e+00
6.740000000000067359e+01 -4.534640598389560573e+00
6.750000000000068212e+01 -4.582323690196281163e+00
6.760000000000067644e+01 -4.630159484617604626e+00
6.770000000000067075e+01 -4.678148204076555849e+00
6.780000000000067928e+01 -4.726290071189222175e+00
6.790000000000068781e+01 -4.774585308764183189e+00
6.800000000000068212e+01 -4.823034139801907649e+00
6.810000000000067644e+01 -4.871636787494191267e+00
6.820000000000068496e+01 -4.920393475223587387e+00
6.830000000000069349e+01 -4.969304426562791477e+00
6.840000000000068781e+01 -5.018369865274143748e+00
6.850000000000068212e+01 -5.067590015309037632e+00
6.860000000000069065e+01 -5.116965100807389533e+00
6.870000000000069917e+01 -5.166495346097073948e+00
6.880000000000069349e+01 -5.216180975693405664e+00
6.890000000000068781e+01 -5.266022214298611281e+00
6.900000000000069633e+01 -5.316019286801313193e+00
6.910000000000070486e+01 -5.366172418275976241e+00
6.920000000000069917e+01 -5.416481833982437877e+00
6.930000000000069349e+01 -5.466947759365378801e+00
6.940000000000070202e+01 -5.517570420053839797e+00
6.950000000000071054e+01 -5.568350041860708366e+00
6.960000000000070486e+01 -5.619286850782230225e+00
6.970000000000069917e+01 -5.670381072997566996e+00
6.980000000000070770e+01 -5.721632934868270404e+00
6.990000000000071623e+01 -5.773042662937823088e+00
7.000000000000071054e+01 -5.824610483931189187e+00
7.010000000000070486e+01 -5.876336624754339155e+00
7.020000000000071338e+01 -5.928221312493814565e+00
7.030000000000072191e+01 -5.980264774416249374e+00
7.040000000000071623e+01 -6.032467237967927609e+00
7.050000000000071054e+01 -6.084828930774390798e+00
7.060000000000071907e+01 -6.137350080639945915e+00
7.070000000000072760e+01 -6.190030915547260371e+00
7.080000000000072191e+01 -6.242871663656941905e+00
7.090000000000071623e+01 -6.295872553307117592e+00
7.100000000000072475e+01 -6.349033813013029715e+00
7.110000000000073328e+01 -6.402355671466598785e+00
7.120000000000072760e+01 -6.455838357536025640e+00
7.130000000000072191e+01 -6.509482100265444160e+00
7.140000000000073044e+01 -6.563287128874463860e+00
7.150000000000073896e+01 -6.617253672757798633e+00
7.160000000000073328e+01 -6.671381961484887491e+00
7.170000000000072760e+01 -6.725672224799519761e+00
7.180000000000073612e+01 -6.780124692619476257e+00
7.190000000000074465e+01 -6.834739595036094073e+00
7.200000000000073896e+01 -6.889517162313955723e+00
7.210000000000073328e+01 -6.944457624890536529e+00
7.220000000000074181e+01 -6.999561213375816493e+00
7.230000000000075033e+01 -7.054828158551917916e+00
7.240000000000074465e+01 -7.110258691372785655e+00
7.250000000000073896e+01 -7.165853042963837183e+00
7.260000000000074749e+01 -7.221611444621624187e+00
7.270000000000075602e+01 -7.277534127813484410e+00
7.280000000000075033e+01 -7.333621324177193479e+00
7.290000000000074465e+01 -7.389873265520699341e+00
7.300000000000075318e+01 -7.446290183821736797e+00
7.310000000000076170e+01 -7.502872311227556601e+00
7.320000000000075602e+01 -7.559619880054547991e+00
7.330000000000075033e+01 -7.616533122788004206e+00
7.340000000000075886e+01 -7.673612272081768104e+00
7.350000000000076739e+01 -7.730857560757926628e+00
7.360000000000076170e+01 -7.788269221806537246e+00
7.370000000000075602e+01 -7.845847488385314428e+00
7.380000000000076454e+01 -7.903592593819348977e+00
7.390000000000077307e+01 -7.961504771600820263e+00
7.400000000000076739e+01 -8.019584255388682692e+00
7.410000000000076170e+01 -8.077831279008453436e+00
7.420000000000077023e+01 -8.136246076451861597e+00
7.430000000000077875e+01 -8.194828881876631499e+00
7.440000000000077307e+01 -8.253579929606161159e+00
7.450000000000076739e+01 -8.312499454129309129e+00
7.460000000000077591e+01 -8.371587690100113832e+00
7.470000000000078444e+01 -8.430844872337528884e+00
7.480000000000077875e+01 -8.490271235825154861e+00
7.490000000000077307e+01 -8.549867015711029694e+00
7.500000000000078160e+01 -8.609632447307349778e+00
7.510000000000079012e+01 -8.669567766090221284e+00
7.520000000000078444e+01 -8.729673207699432780e+00
7.530000000000077875e+01 -8.789949007938240300e+00
7.540000000000078728e+01 -8.850395402773081344e+00
7.550000000000079581e+01 -8.911012628333390140e+00
7.560000000000079012e+01 -8.971800920911325861e+00
7.570000000000078444e+01 -9.032760516961603869e+00
7.580000000000079297e+01 -9.093891653101247030e+00
7.590000000000080149e+01 -9.155194566109342347e+00
7.600000000000079581e+01 -9.216669492926849117e+00
7.610000000000079012e+01 -9.278316670656414189e+00
7.620000000000079865e+01 -9.340136336562126829e+00
7.630000000000080718e+01 -9.402128728069319763e+00
7.640000000000080149e+01 -9.464294082764361349e+00
7.650000000000079581e+01 -9.526632638394486818e+00
7.660000000000080433e+01 -9.589144632867590445e+00
7.670000000000081286e+01 -9.651830304251996395e+00
7.680000000000080718e+01 -9.714689890776295300e+00
7.690000000000080149e+01 -9.777723630829177281e+00
7.700000000000081002e+01 -9.840931762959234774e+00
7.710000000000081855e+01 -9.904314525874754693e+00
7.720000000000081286e+01 -9.967872158443544350e+00
7.730000000000080718e+01 -1.003160489969280178e+01
7.740000000000081570e+01 -1.009551298880891679e+01
7.750000000000082423e+01 -1.015959666513726489e+01
7.760000000000081855e+01 -1.022385616818206877e+01
7.770000000000081286e+01 -1.028829173760626148e+01
7.780000000000082139e+01 -1.035290361323130348e+01
7.790000000000082991e+01 -1.041769203503697661e+01
7.800000000000082423e+01 -1.048265724316129344e+01
7.810000000000081855e+01 -1.054779947790031969e+01
7.820000000000082707e+01 -1.061311897970803031e+01
7.830000000000083560e+01 -1.067861598919612476e+01
7.840000000000082991e+01 -1.074429074713391685e+01
7.850000000000082423e+01 -1.081014349444819800e+01
7.860000000000083276e+01 -1.087617447222307021e+01
7.870000000000084128e+01 -1.094238392169982177e+01
7.880000000000083560e+01 -1.100877208427675846e+01
7.890000000000082991e+01 -1.107533920150913609e+01
7.900000000000083844e+01 -1.114208551510898815e+01
7.910000000000084697e+01 -1.120901126694496774e+01
7.920000000000084128e+01 -1.127611669904227654e+01
7.930000000000083560e+01 -1.134340205358251552e+01
7.940000000000084412e+01 -1.141086757290358378e+01
7.950000000000085265e+01 -1.147851349949950261e+01
7.960000000000084697e+01 -1.154634007602036760e+01
7.970000000000084128e+01 -1.161434754527219404e+01
7.980000000000084981e+01 -1.168253615021682634e+01
7.990000000000085834e+01 -1.175090613397178885e+01
