2.000000000000000000e+01 -8.906736545860493015e-01
2.010000000000000142e+01 -8.801834380851215611e-01
2.020000000000000284e+01 -8.698764597298458412e-01
2.030000000000000426e+01 -8.597509514777214035e-01
2.040000000000000568e+01 -8.498051818909633237e-01
2.050000000000000711e+01 -8.400374553068501449e-01
2.060000000000000853e+01 -8.304461110302286952e-01
2.070000000000000995e+01 -8.210295225475601200e-01
2.080000000000001137e+01 -8.117860967618029111e-01
2.090000000000001279e+01 -8.027142732475400777e-01
2.100000000000001421e+01 -7.938125235256912049e-01
2.110000000000001563e+01 -7.850793503572657261e-01
2.120000000000001705e+01 -7.765132870555501166e-01
2.130000000000001847e+01 -7.681128968161921033e-01
2.140000000000001990e+01 -7.598767720646493196e-01
2.150000000000002132e+01 -7.518035338204762663e-01
2.160000000000002274e+01 -7.438918310779658594e-01
2.170000000000002416e+01 -7.361403402026429621e-01
2.180000000000002558e+01 -7.285477643431763628e-01
2.190000000000002700e+01 -7.211128328582080416e-01
2.200000000000002842e+01 -7.138343007577186983e-01
2.210000000000002984e+01 -7.067109481584727959e-01
2.220000000000003126e+01 -6.997415797531475468e-01
2.230000000000003268e+01 -6.929250242927409431e-01
2.240000000000003411e+01 -6.862601340818955675e-01
2.250000000000003553e+01 -6.797457844867519361e-01
2.260000000000003695e+01 -6.733808734549839858e-01
2.270000000000003837e+01 -6.671643210476566610e-01
2.280000000000003979e+01 -6.610950689825951798e-01
2.290000000000004121e+01 -6.551720801889092671e-01
2.300000000000004263e+01 -6.493943383723957963e-01
2.310000000000004405e+01 -6.437608475914710082e-01
2.320000000000004547e+01 -6.382706318433905013e-01
2.330000000000004690e+01 -6.329227346604148208e-01
2.340000000000004832e+01 -6.277162187156983819e-01
2.350000000000004974e+01 -6.226501654385871998e-01
2.360000000000005116e+01 -6.177236746391046029e-01
2.370000000000005258e+01 -6.129358641413433784e-01
2.380000000000005400e+01 -6.082858694255420806e-01
2.390000000000005542e+01 -6.037728432785930410e-01
2.400000000000005684e+01 -5.993959554527706901e-01
2.410000000000005826e+01 -5.951543923324422725e-01
2.420000000000005969e+01 -5.910473566085455710e-01
2.430000000000006111e+01 -5.870740669606521189e-01
2.440000000000006253e+01 -5.832337577463692080e-01
2.450000000000006395e+01 -5.795256786979233743e-01
2.460000000000006537e+01 -5.759490946257158628e-01
2.470000000000006679e+01 -5.725032851286703250e-01
2.480000000000006821e+01 -5.691875443111873434e-01
2.490000000000006963e+01 -5.660011805065477963e-01
2.500000000000007105e+01 -5.629435160065816568e-01
2.510000000000007248e+01 -5.600138867974346901e-01
2.520000000000007390e+01 -5.572116423012971609e-01
2.530000000000007532e+01 -5.545361451239163575e-01
2.540000000000007674e+01 -5.519867708077558222e-01
2.550000000000007816e+01 -5.495629075906521832e-01
2.560000000000007958e+01 -5.472639561698309230e-01
2.570000000000008100e+01 -5.450893294711399717e-01
2.580000000000008242e+01 -5.430384524233721200e-01
2.590000000000008384e+01 -5.411107617375447987e-01
2.600000000000008527e+01 -5.393057056910156577e-01
2.610000000000008669e+01 -5.376227439162999389e-01
2.620000000000008811e+01 -5.360613471944953856e-01
2.630000000000008953e+01 -5.346209972531648091e-01
2.640000000000009095e+01 -5.333011865686030362e-01
2.650000000000009237e+01 -5.321014181723451308e-01
2.660000000000009379e+01 -5.310212054618392852e-01
2.670000000000009521e+01 -5.300600720151513734e-01
2.680000000000009663e+01 -5.292175514096375544e-01
2.690000000000009805e+01 -5.284931870444532498e-01
2.700000000000009948e+01 -5.278865319668223366e-01
2.710000000000010090e+01 -5.273971487019812887e-01
2.720000000000010232e+01 -5.270246090866878008e-01
2.730000000000010374e+01 -5.267684941062243942e-01
2.740000000000010516e+01 -5.266283937348092969e-01
2.750000000000010658e+01 -5.266039067793246709e-01
2.760000000000010800e+01 -5.266946407262943497e-01
2.770000000000010942e+01 -5.269002115920212725e-01
2.780000000000011084e+01 -5.272202437758277682e-01
2.790000000000011227e+01 -5.276543699162901113e-01
2.800000000000011369e+01 -5.282022307504402603e-01
2.810000000000011511e+01 -5.288634749758350795e-01
2.820000000000011653e+01 -5.296377591154303177e-01
2.830000000000011795e+01 -5.305247473851970597e-01
2.840000000000011937e+01 -5.315241115644234737e-01
2.850000000000012079e+01 -5.326355308686225865e-01
2.860000000000012221e+01 -5.338586918249993429e-01
2.870000000000012363e+01 -5.351932881504106732e-01
2.880000000000012506e+01 -5.366390206317658285e-01
2.890000000000012648e+01 -5.381955970088051489e-01
2.900000000000012790e+01 -5.398627318592078561e-01
2.910000000000012932e+01 -5.416401464859670334e-01
2.920000000000013074e+01 -5.435275688069975963e-01
2.930000000000013216e+01 -5.455247332469042032e-01
2.940000000000013358e+01 -5.476313806308745757e-01
2.950000000000013500e+01 -5.498472580806476051e-01
2.960000000000013642e+01 -5.521721189125079476e-01
2.970000000000013785e+01 -5.546057225372577060e-01
2.980000000000013927e+01 -5.571478343621316665e-01
2.990000000000014069e+01 -5.597982256946035795e-01
3.000000000000014211e+01 -5.625566736480331897e-01
3.010000000000014353e+01 -5.654229610491485758e-01
3.020000000000014495e+01 -5.683968763472692087e-01
3.030000000000014637e+01 -5.714782135252792772e-01
3.040000000000014779e+01 -5.746667720122902168e-01
3.050000000000014921e+01 -5.779623565979538080e-01
3.060000000000015064e+01 -5.813647773483984205e-01
3.070000000000015206e+01 -5.848738495237495449e-01
3.080000000000015348e+01 -5.884893934971999752e-01
3.090000000000015490e+01 -5.922112346755949996e-01
3.100000000000015632e+01 -5.960392034215010737e-01
3.110000000000015774e+01 -5.999731349767269961e-01
3.120000000000015916e+01 -6.040128693872618415e-01
3.130000000000016058e+01 -6.081582514296085540e-01
3.140000000000016200e+01 -6.124091305384691264e-01
3.150000000000016342e+01 -6.167653607357722612e-01
3.160000000000016485e+01 -6.212268005609880017e-01
3.170000000000016627e+01 -6.257933130027322211e-01
3.180000000000016769e+01 -6.304647654316138938e-01
3.190000000000016911e+01 -6.352410295342996172e-01
3.200000000000017053e+01 -6.401219812487771721e-01
3.210000000000017195e+01 -6.451075007007988082e-01
3.220000000000017337e+01 -6.501974721414547354e-01
3.230000000000017479e+01 -6.553917838858805966e-01
3.240000000000017621e+01 -6.606903282530678378e-01
3.250000000000017764e+01 -6.660930015067345611e-01
3.260000000000017906e+01 -6.715997037972694095e-01
3.270000000000018048e+01 -6.772103391046921939e-01
3.280000000000018190e+01 -6.829248151826419200e-01
3.290000000000018332e+01 -6.887430435033395915e-01
3.300000000000018474e+01 -6.946649392035335602e-01
3.310000000000018616e+01 -7.006904210313880110e-01
3.320000000000018758e+01 -7.068194112943112506e-01
3.330000000000018900e+01 -7.130518358076808338e-01
3.340000000000019043e+01 -7.193876238444867344e-01
3.350000000000019185e+01 -7.258267080858281650e-01
3.360000000000019327e+01 -7.323690245722817016e-01
3.370000000000019469e+01 -7.390145126561031841e-01
3.380000000000019611e+01 -7.457631149542658378e-01
3.390000000000019753e+01 -7.526147773022908716e-01
3.400000000000019895e+01 -7.595694487088818780e-01
3.410000000000020037e+01 -7.666270813113310600e-01
3.420000000000020179e+01 -7.737876303316901794e-01
3.430000000000020322e+01 -7.810510540336791374e-01
3.440000000000020464e+01 -7.884173136803349635e-01
3.450000000000020606e+01 -7.958863734923748989e-01
3.460000000000020748e+01 -8.034582006072614746e-01
3.470000000000020890e+01 -8.111327650389537069e-01
3.480000000000021032e+01 -8.189100396383448555e-01
3.490000000000021174e+01 -8.267900000543508821e-01
3.500000000000021316e+01 -8.347726246956547191e-01
3.510000000000021458e+01 -8.428578946930916915e-01
3.520000000000021600e+01 -8.510457938626482255e-01
3.530000000000021743e+01 -8.593363086690878339e-01
3.540000000000021885e+01 -8.677294281901720696e-01
3.550000000000022027e+01 -8.762251440814687875e-01
3.560000000000022169e+01 -8.848234505417406082e-01
3.570000000000022311e+01 -8.935243442789084778e-01
3.580000000000022453e+01 -9.023278244765626788e-01
3.590000000000022595e+01 -9.112338927610224015e-01
3.600000000000022737e+01 -9.202425531689373273e-01
3.610000000000022879e+01 -9.293538121154084619e-01
3.620000000000023022e+01 -9.385676783626294428e-01
3.630000000000023164e+01 -9.478841629890303322e-01
3.640000000000023306e+01 -9.573032793589277833e-01
3.650000000000023448e+01 -9.668250430926500494e-01
3.660000000000023590e+01 -9.764494720371497127e-01
3.670000000000023732e+01 -9.861765862370883706e-01
3.680000000000023874e+01 -9.960064079063688514e-01
3.690000000000024016e+01 -1.005938961400146159e+00
3.700000000000024158e+01 -1.015974273187251642e+00
3.710000000000024301e+01 -1.026112371823075797e+00
3.720000000000024443e+01 -1.036353287922871402e+00
3.730000000000024585e+01 -1.046697054135482974e+00
3.740000000000024727e+01 -1.057143705117477683e+00
3.750000000000024869e+01 -1.067693277507695937e+00
3.760000000000025011e+01 -1.078345809902185204e+00
3.770000000000025153e+01 -1.089101342829543073e+00
3.780000000000025295e+01 -1.099959918726625796e+00
3.790000000000025437e+01 -1.110921581914649625e+00
3.800000000000025580e+01 -1.121986378575641874e+00
3.810000000000025722e+01 -1.133154356729288770e+00
3.820000000000025864e+01 -1.144425566210101053e+00
3.830000000000026006e+01 -1.155800058644967487e+00
3.840000000000026148e+01 -1.167277887431019900e+00
3.850000000000026290e+01 -1.178859107713865262e+00
3.860000000000026432e+01 -1.190543776366129958e+00
3.870000000000026574e+01 -1.202331951966343571e+00
3.880000000000026716e+01 -1.214223694778133522e+00
3.890000000000026859e+01 -1.226219066729748342e+00
3.900000000000027001e+01 -1.238318131393874255e+00
3.910000000000027143e+01 -1.250520953967768634e+00
3.920000000000027285e+01 -1.262827601253690979e+00
3.930000000000027427e+01 -1.275238141639624123e+00
3.940000000000027569e+01 -1.287752645080282310e+00
3.950000000000027711e+01 -1.300371183078412374e+00
3.960000000000027853e+01 -1.313093828666371810e+00
3.970000000000027995e+01 -1.325920656387961305e+00
3.980000000000028137e+01 -1.338851742280564805e+00
3.990000000000028280e+01 -1.351887163857520946e+00
4.000000000000028422e+01 -1.365027000090766274e+00
4.010000000000028564e+01 -1.378271331393741361e+00
4.020000000000028706e+01 -1.391620239604539844e+00
4.030000000000028848e+01 -1.405073807969304145e+00
4.040000000000028990e+01 -1.418632121125875445e+00
4.050000000000029132e+01 -1.432295265087667469e+00
4.060000000000029274e+01 -1.446063327227788964e+00
4.070000000000029416e+01 -1.459936396263389558e+00
4.080000000000029559e+01 -1.473914562240229209e+00
4.090000000000029701e+01 -1.487997916517486141e+00
4.100000000000029843e+01 -1.502186551752770605e+00
4.110000000000029985e+01 -1.516480561887359135e+00
4.120000000000030127e+01 -1.530880042131641972e+00
4.130000000000030269e+01 -1.545385088950777197e+00
4.140000000000030411e+01 -1.559995800050557602e+00
4.150000000000030553e+01 -1.574712274363470721e+00
4.160000000000030695e+01 -1.589534612034957606e+00
4.170000000000030838e+01 -1.604462914409880314e+00
4.180000000000030980e+01 -1.619497284019167038e+00
4.190000000000031122e+01 -1.634637824566649522e+00
4.200000000000031264e+01 -1.649884640916096101e+00
4.210000000000031406e+01 -1.665237839078415938e+00
4.220000000000031548e+01 -1.680697526199049330e+00
4.230000000000031690e+01 -1.696263810545534989e+00
4.240000000000031832e+01 -1.711936801495253180e+00
4.250000000000031974e+01 -1.727716609523336277e+00
4.260000000000032117e+01 -1.743603346190748971e+00
4.270000000000032259e+01 -1.759597124132538992e+00
4.280000000000032401e+01 -1.775698057046251943e+00
4.290000000000032543e+01 -1.791906259680490221e+00
4.300000000000032685e+01 -1.808221847823663131e+00
4.310000000000032827e+01 -1.824644938292856233e+00
4.320000000000032969e+01 -1.841175648922880104e+00
4.330000000000033111e+01 -1.857814098555457205e+00
4.340000000000033253e+01 -1.874560407028563969e+00
4.350000000000033396e+01 -1.891414695165915649e+00
4.360000000000033538e+01 -1.908377084766592180e+00
4.370000000000033680e+01 -1.925447698594815238e+00
4.380000000000033822e+01 -1.942626660369855651e+00
4.390000000000033964e+01 -1.959914094756076253e+00
4.400000000000034106e+01 -1.977310127353123947e+00
4.410000000000034248e+01 -1.994814884686240575e+00
4.420000000000034390e+01 -2.012428494196709217e+00
4.430000000000034532e+01 -2.030151084232431291e+00
4.440000000000034674e+01 -2.047982784038628434e+00
4.450000000000034817e+01 -2.065923723748674945e+00
4.460000000000034959e+01 -2.083974034375040585e+00
4.470000000000035101e+01 -2.102133847800367050e+00
4.480000000000035243e+01 -2.120403296768659462e+00
4.490000000000035385e+01 -2.138782514876596430e+00
4.500000000000035527e+01 -2.157271636564951578e+00
4.510000000000035669e+01 -2.175870797110134980e+00
4.520000000000035811e+01 -2.194580132615838508e+00
4.530000000000035953e+01 -2.213399780004806416e+00
4.540000000000036096e+01 -2.232329877010699182e+00
4.550000000000036238e+01 -2.251370562170068368e+00
4.560000000000036380e+01 -2.270521974814446953e+00
4.570000000000036522e+01 -2.289784255062534246e+00
4.580000000000036664e+01 -2.309157543812478508e+00
4.590000000000036806e+01 -2.328641982734280358e+00
4.600000000000036948e+01 -2.348237714262269904e+00
4.610000000000037090e+01 -2.367944881587705108e+00
4.620000000000037232e+01 -2.387763628651446535e+00
4.630000000000037375e+01 -2.407694100136742232e+00
4.640000000000037517e+01 -2.427736441462104988e+00
4.650000000000037659e+01 -2.447890798774266852e+00
4.660000000000037801e+01 -2.468157318941245570e+00
4.670000000000037943e+01 -2.488536149545485188e+00
4.680000000000038085e+01 -2.509027438877091676e+00
4.690000000000038227e+01 -2.529631335927154723e+00
4.700000000000038369e+01 -2.550347990381153007e+00
4.710000000000038511e+01 -2.571177552612447403e+00
4.720000000000038654e+01 -2.592120173675854122e+00
4.730000000000038796e+01 -2.613176005301304450e+00
4.740000000000038938e+01 -2.634345199887574207e+00
4.750000000000039080e+01 -2.655627910496112243e+00
4.760000000000039222e+01 -2.677024290844924437e+00
4.770000000000039364e+01 -2.698534495302556735e+00
4.780000000000039506e+01 -2.720158678882141690e+00
4.790000000000039648e+01 -2.741896997235513833e+00
4.800000000000039790e+01 -2.763749606647424084e+00
4.810000000000039933e+01 -2.785716664029798117e+00
4.820000000000040075e+01 -2.807798326916087550e+00
4.830000000000040217e+01 -2.829994753455682854e+00
4.840000000000040359e+01 -2.852306102408390664e+00
4.850000000000040501e+01 -2.874732533139002566e+00
4.860000000000040643e+01 -2.897274205611905185e+00
4.870000000000040785e+01 -2.919931280385766659e+00
4.880000000000040927e+01 -2.942703918608303493e+00
4.890000000000041069e+01 -2.965592282011089598e+00
4.900000000000041211e+01 -2.988596532904446601e+00
4.910000000000041354e+01 -3.011716834172384338e+00
4.920000000000041496e+01 -3.034953349267623057e+00
4.930000000000041638e+01 -3.058306242206650261e+00
4.940000000000041780e+01 -3.081775677564863258e+00
4.950000000000041922e+01 -3.105361820471764123e+00
4.960000000000042064e+01 -3.129064836606196387e+00
4.970000000000042206e+01 -3.152884892191669675e+00
4.980000000000042348e+01 -3.176822153991718523e+00
4.990000000000042490e+01 -3.200876789305329595e+00
5.000000000000042633e+01 -3.225048965962423075e+00
5.010000000000042775e+01 -3.249338852319382021e+00
5.020000000000042917e+01 -3.273746617254639446e+00
5.030000000000043059e+01 -3.298272430164336466e+00
5.040000000000043201e+01 -3.322916460957996865e+00
5.050000000000043343e+01 -3.347678880054291817e+00
5.060000000000043485e+01 -3.372559858376832587e+00
5.070000000000043627e+01 -3.397559567350013410e+00
5.080000000000043769e+01 -3.422678178894927647e+00
5.090000000000043912e+01 -3.447915865425300819e+00
5.100000000000044054e+01 -3.473272799843501346e+00
5.110000000000044196e+01 -3.498749155536581501e+00
5.120000000000044338e+01 -3.524345106372365866e+00
5.130000000000044480e+01 -3.550060826695603300e+00
5.140000000000044622e+01 -3.575896491324145110e+00
5.150000000000044764e+01 -3.601852275545180060e+00
5.160000000000044906e+01 -3.627928355111512904e+00
5.170000000000045048e+01 -3.654124906237879333e+00
5.180000000000045191e+01 -3.680442105597320435e+00
5.190000000000045333e+01 -3.706880130317587341e+00
5.200000000000045475e+01 -3.733439157977587186e+00
5.210000000000045617e+01 -3.760119366603884572e+00
5.220000000000045759e+01 -3.786920934667230565e+00
5.230000000000045901e+01 -3.813844041079138325e+00
5.240000000000046043e+01 -3.840888865188506696e+00
5.250000000000046185e+01 -3.868055586778266441e+00
5.260000000000046327e+01 -3.895344386062072672e+00
5.270000000000046469e+01 -3.922755443681056331e+00
5.280000000000046612e+01 -3.950288940700577012e+00
5.290000000000046754e+01 -3.977945058607039730e+00
5.300000000000046896e+01 -4.005723979304753435e+00
5.310000000000047038e+01 -4.033625885112801512e+00
5.320000000000047180e+01 -4.061650958761958030e+00
5.330000000000047322e+01 -4.089799383391667043e+00
5.340000000000047464e+01 -4.118071342547013458e+00
5.350000000000047606e+01 -4.146467020175760076e+00
5.360000000000047748e+01 -4.174986600625401501e+00
5.370000000000047891e+01 -4.203630268640271339e+00
5.380000000000048033e+01 -4.232398209358663621e+00
5.390000000000048175e+01 -4.261290608309996841e+00
5.400000000000048317e+01 -4.290307651412007317e+00
5.410000000000048459e+01 -4.319449524967985177e+00
5.420000000000048601e+01 -4.348716415664020118e+00
5.430000000000048743e+01 -4.378108510566312006e+00
5.440000000000048885e+01 -4.407625997118473471e+00
5.450000000000049027e+01 -4.437269063138897351e+00
5.460000000000049170e+01 -4.467037896818131237e+00
5.470000000000049312e+01 -4.496932686716300864e+00
5.480000000000049454e+01 -4.526953621760548607e+00
5.490000000000049596e+01 -4.557100891242501284e+00
5.500000000000049738e+01 -4.587374684815780590e+00
5.510000000000049880e+01 -4.617775192493518865e+00
5.520000000000050022e+01 -4.648302604645948577e+00
5.530000000000050164e+01 -4.678957111997947393e+00
5.540000000000050306e+01 -4.709738905626681849e+00
5.550000000000050449e+01 -4.740648176959229687e+00
5.560000000000050591e+01 -4.771685117770273266e+00
5.570000000000050733e+01 -4.802849920179756538e+00
5.580000000000050875e+01 -4.834142776650641515e+00
5.590000000000051017e+01 -4.865563879986622098e+00
5.600000000000051159e+01 -4.897113423329926718e+00
5.610000000000051301e+01 -4.928791600159090791e+00
5.620000000000051443e+01 -4.960598604286790447e+00
5.630000000000051585e+01 -4.992534629857690476e+00
5.640000000000051728e+01 -5.024599871346294933e+00
5.650000000000051870e+01 -5.056794523554880350e+00
5.660000000000052012e+01 -5.089118781611369435e+00
5.670000000000052154e+01 -5.121572840967306917e+00
5.680000000000052296e+01 -5.154156897395804293e+00
5.690000000000052438e+01 -5.186871146989543213e+00
5.700000000000052580e+01 -5.219715786158766413e+00
5.710000000000052722e+01 -5.252691011629330831e+00
5.720000000000052864e+01 -5.285797020440745619e+00
5.730000000000053006e+01 -5.319034009944259012e+00
5.740000000000053149e+01 -5.352402177800950511e+00
5.750000000000053291e+01 -5.385901721979847068e+00
5.760000000000053433e+01 -5.419532840756079217e+00
5.770000000000053575e+01 -5.453295732709024790e+00
5.780000000000053717e+01 -5.487190596720491698e+00
5.790000000000053859e+01 -5.521217631972928253e+00
5.800000000000054001e+01 -5.555377037947640595e+00
5.810000000000054143e+01 -5.589669014423033211e+00
5.820000000000054285e+01 -5.624093761472871655e+00
5.830000000000054428e+01 -5.658651479464557710e+00
5.840000000000054570e+01 -5.693342369057440067e+00
5.850000000000054712e+01 -5.728166631201111691e+00
5.860000000000054854e+01 -5.763124467133778239e+00
5.870000000000054996e+01 -5.798216078380582950e+00
5.880000000000055138e+01 -5.833441666751991939e+00
5.890000000000055280e+01 -5.868801434342192813e+00
5.900000000000055422e+01 -5.904295583527488844e+00
5.910000000000055564e+01 -5.939924316964745543e+00
5.920000000000055707e+01 -5.975687837589812368e+00
5.930000000000055849e+01 -6.011586348616003939e+00
5.940000000000055991e+01 -6.047620053532561712e+00
5.950000000000056133e+01 -6.083789156103165396e+00
5.960000000000056275e+01 -6.120093860364426597e+00
5.970000000000056417e+01 -6.156534370624436647e+00
5.980000000000056559e+01 -6.193110891461298451e+00
5.990000000000056701e+01 -6.229823627721680523e+00
6.000000000000056843e+01 -6.266672784519412787e+00
6.010000000000056986e+01 -6.303658567234065480e+00
6.020000000000057128e+01 -6.340781181509557385e+00
6.030000000000057270e+01 -6.378040833252780040e+00
6.040000000000057412e+01 -6.415437728632228165e+00
6.050000000000057554e+01 -6.452972074076674502e+00
6.060000000000057696e+01 -6.490644076273810903e+00
6.070000000000057838e+01 -6.528453942168944479e+00
6.080000000000057980e+01 -6.566401878963690208e+00
6.090000000000058122e+01 -6.604488094114691954e+00
6.100000000000058265e+01 -6.642712795332315956e+00
6.110000000000058407e+01 -6.681076190579445573e+00
6.120000000000058549e+01 -6.719578488070164113e+00
6.130000000000058691e+01 -6.758219896268594873e+00
6.140000000000058833e+01 -6.797000623887615944e+00
6.150000000000058975e+01 -6.835920879887690482e+00
6.160000000000059117e+01 -6.874980873475668552e+00
6.170000000000059259e+01 -6.914180814103602302e+00
6.180000000000059401e+01 -6.953520911467574450e+00
6.190000000000059543e+01 -6.993001375506545436e+00
6.200000000000059686e+01 -7.032622416401224541e+00
6.210000000000059828e+01 -7.072384244572918810e+00
6.220000000000059970e+01 -7.112287070682433487e+00
6.230000000000060112e+01 -7.152331105628950247e+00
6.240000000000060254e+01 -7.192516560548956051e+00
6.250000000000060396e+01 -7.232843646815146244e+00
6.260000000000060538e+01 -7.273312576035350752e+00
6.270000000000060680e+01 -7.313923560051499351e+00
6.280000000000060822e+01 -7.354676810938545195e+00
6.290000000000060965e+01 -7.395572541003458511e+00
6.300000000000061107e+01 -7.436610962784184764e+00
6.310000000000061249e+01 -7.477792289048641017e+00
6.320000000000061391e+01 -7.519116732793714064e+00
6.330000000000061533e+01 -7.560584507244270114e+00
6.340000000000061675e+01 -7.602195825852170685e+00
6.350000000000061817e+01 -7.643950902295318706e+00
6.360000000000061959e+01 -7.685849950476669079e+00
6.370000000000062101e+01 -7.727893184523333403e+00
6.380000000000062244e+01 -7.770080818785585208e+00
6.390000000000062386e+01 -7.812413067835976221e+00
6.400000000000062528e+01 -7.854890146468387790e+00
6.410000000000061959e+01 -7.897512269697161358e+00
6.420000000000062812e+01 -7.940279652756172091e+00
6.430000000000063665e+01 -7.983192511097944255e+00
6.440000000000063096e+01 -8.026251060392780801e+00
6.450000000000062528e+01 -8.069455516527906269e+00
6.460000000000063380e+01 -8.112806095606600820e+00
6.470000000000064233e+01 -8.156303013947338698e+00
6.480000000000063665e+01 -8.199946488082954232e+00
6.490000000000063096e+01 -8.243736734759830043e+00
6.500000000000063949e+01 -8.287673970937072809e+00
6.510000000000064801e+01 -8.331758413785673056e+00
6.520000000000064233e+01 -8.375990280687720002e+00
6.530000000000063665e+01 -8.420369789235628843e+00
6.540000000000064517e+01 -8.464897157231332514e+00
6.550000000000065370e+01 -8.509572602685491205e+00
6.560000000000064801e+01 -8.554396343816748072e+00
6.570000000000064233e+01 -8.599368599050976059e+00
6.580000000000065086e+01 -8.644489587020508736e+00
6.590000000000065938e+01 -8.689759526563392456e+00
6.600000000000065370e+01 -8.735178636722666923e+00
6.610000000000064801e+01 -8.780747136745638670e+00
6.620000000000065654e+01 -8.826465246083159855e+00
6.630000000000066507e+01 -8.872333184388905281e+00
6.640000000000065938e+01 -8.918351171518684950e+00
6.650000000000065370e+01 -8.964519427529753060e+00
6.660000000000066223e+01 -9.010838172680092129e+00
6.670000000000067075e+01 -9.057307627427780616e+00
6.680000000000066507e+01 -9.103928012430261063e+00
6.690000000000065938e+01 -9.150699548543736128e+00
6.700000000000066791e+01 -9.197622456822486470e+00
6.710000000000067644e+01 -9.244696958518201058e+00
6.720000000000067075e+01 -9.291923275079346567e+00
6.730000000000066507e+01 -9.339301628150572299e+00
6.740000000000067359e+01 -9.386832239572026282e+00
6.750000000000068212e+01 -9.434515331378747760e+00
6.760000000000067644e+01 -9.482351125800072111e+00
6.770000000000067075e+01 -9.530339845259023335e+00
6.780000000000067928e+01 -9.578481712371688772e+00
6.790000000000068781e+01 -9.626776949946650674e+00
6.800000000000068212e+01 -9.675225780984375135e+00
6.810000000000067644e+01 -9.723828428676657865e+00
6.820000000000068496e+01 -9.772585116406053984e+00
6.830000000000069349e+01 -9.821496067745258074e+00
6.840000000000068781e+01 -9.870561506456610346e+00
6.850000000000068212e+01 -9.919781656491505117e+00
6.860000000000069065e+01 -9.969156741989856130e+00
6.870000000000069917e+01 -1.001868698727954055e+01
6.880000000000069349e+01 -1.006837261687587137e+01
6.890000000000068781e+01 -1.011821385548107699e+01
6.900000000000069633e+01 -1.016821092798377890e+01
6.910000000000070486e+01 -1.021836405945844284e+01
6.920000000000069917e+01 -1.026867347516490447e+01
6.930000000000069349e+01 -1.031913940054784540e+01
6.940000000000070202e+01 -1.036976206123630639e+01
6.950000000000071054e+01 -1.042054168304317585e+01
6.960000000000070486e+01 -1.047147849196469771e+01
6.970000000000069917e+01 -1.052257271418003448e+01
6.980000000000070770e+01 -1.057382457605073789e+01
6.990000000000071623e+01 -1.062523430412029057e+01
7.000000000000071054e+01 -1.067680212511365667e+01
7.010000000000070486e+01 -1.072852826593680575e+01
7.020000000000071338e+01 -1.078041295367628116e+01
7.030000000000072191e+01 -1.083245641559871686e+01
7.040000000000071623e+01 -1.088465887915039509e+01
7.050000000000071054e+01 -1.093702057195685740e+01
7.060000000000071907e+01 -1.098954172182241251e+01
7.070000000000072760e+01 -1.104222255672972786e+01
7.080000000000072191e+01 -1.109506330483940850e+01
7.090000000000071623e+01 -1.114806419448958508e+01
7.100000000000072475e+01 -1.120122545419549631e+01
7.110000000000073328e+01 -1.125454731264906627e+01
7.120000000000072760e+01 -1.130802999871849224e+01
7.130000000000072191e+01 -1.136167374144791076e+01
7.140000000000073044e+01 -1.141547877005693046e+01
7.150000000000073896e+01 -1.146944531394026612e+01
7.160000000000073328e+01 -1.152357360266735498e+01
7.170000000000072760e+01 -1.157786386598198725e+01
7.180000000000073612e+01 -1.163231633380194197e+01
7.190000000000074465e+01 -1.168693123621856067e+01
7.200000000000073896e+01 -1.174170880349642232e+01
7.210000000000073328e+01 -1.179664926607300401e+01
7.220000000000074181e+01 -1.185175285455828309e+01
7.230000000000075033e+01 -1.190701979973438540e+01
7.240000000000074465e+01 -1.196245033255525314e+01
7.250000000000073896e+01 -1.201804468414630378e+01
7.260000000000074749e+01 -1.207380308580409078e+01
7.270000000000075602e+01 -1.212972576899595012e+01
7.280000000000075033e+01 -1.218581296535965919e+01
7.290000000000074465e+01 -1.224206490670316505e+01
7.300000000000075318e+01 -1.229848182500420428e+01
7.310000000000076170e+01 -1.235506395241002409e+01
7.320000000000075602e+01 -1.241181152123701459e+01
7.330000000000075033e+01 -1.246872476397047080e+01
7.340000000000075886e+01 -1.252580391326423381e+01
7.350000000000076739e+01 -1.258304920194039411e+01
7.360000000000076170e+01 -1.264046086298900384e+01
7.370000000000075602e+01 -1.269803912956778191e+01
7.380000000000076454e+01 -1.275578423500181557e+01
7.390000000000077307e+01 -1.281369641278328686e+01
7.400000000000076739e+01 -1.287177589657115107e+01
7.410000000000076170e+01 -1.293002292019092003e+01
7.420000000000077023e+01 -1.298843771763432819e+01
7.430000000000077875e+01 -1.304702052305909810e+01
7.440000000000077307e+01 -1.310577157078862776e+01
7.450000000000076739e+01 -1.316469109531177573e+01
7.460000000000077591e+01 -1.322377933128258043e+01
7.470000000000078444e+01 -1.328303651351999548e+01
7.480000000000077875e+01 -1.334246287700762146e+01
7.490000000000077307e+01 -1.340205865689349807e+01
7.500000000000078160e+01 -1.346182408848981638e+01
7.510000000000079012e+01 -1.352175940727268788e+01
7.520000000000078444e+01 -1.358186484888189938e+01
7.530000000000077875e+01 -1.364214064912070690e+01
7.540000000000078728e+01 -1.370258704395554794e+01
7.550000000000079581e+01 -1.376320426951585674e+01
7.560000000000079012e+01 -1.382399256209379246e+01
7.570000000000078444e+01 -1.388495215814407047e+01
7.580000000000079297e+01 -1.394608329428371363e+01
7.590000000000080149e+01 -1.400738620729180894e+01
7.600000000000079581e+01 -1.406886113410931571e+01
7.610000000000079012e+01 -1.413050831183888256e+01
7.620000000000079865e+01 -1.419232797774459343e+01
7.630000000000080718e+01 -1.425432036925178636e+01
7.640000000000080149e+01 -1.431648572394682795e+01
7.650000000000079581e+01 -1.437882427957695342e+01
7.660000000000080433e+01 -1.444133627405005704e+01
7.670000000000081286e+01 -1.450402194543446299e+01
7.680000000000080718e+01 -1.456688153195876367e+01
7.690000000000080149e+01 -1.462991527201164388e+01
7.700000000000081002e+01 -1.469312340414170137e+01
7.710000000000081855e+01 -1.475650616705722129e+01
7.720000000000081286e+01 -1.482006379962601095e+01
7.730000000000080718e+01 -1.488379654087526838e+01
7.740000000000081570e+01 -1.494770462999138338e+01
7.750000000000082423e+01 -1.501178830631973149e+01
7.760000000000081855e+01 -1.507604780936453537e+01
7.770000000000081286e+01 -1.514048337878872807e+01
7.780000000000082139e+01 -1.520509525441377008e+01
7.790000000000082991e+01 -1.526988367621944320e+01
7.800000000000082423e+01 -1.533484888434376003e+01
7.810000000000081855e+01 -1.539999111908278628e+01
7.820000000000082707e+01 -1.546531062089049691e+01
7.830000000000083560e+01 -1.553080763037859313e+01
7.840000000000082991e+01 -1.559648238831638345e+01
7.850000000000082423e+01 -1.566233513563066637e+01
7.860000000000083276e+01 -1.572836611340553858e+01
7.870000000000084128e+01 -1.579457556288229014e+01
7.880000000000083560e+01 -1.586096372545922506e+01
7.890000000000082991e+01 -1.592753084269160269e+01
7.900000000000083844e+01 -1.599427715629145474e+01
7.910000000000084697e+01 -1.606120290812743434e+01
7.920000000000084128e+01 -1.612830834022474491e+01
7.930000000000083560e+01 -1.619559369476498389e+01
7.940000000000084412e+01 -1.626305921408604860e+01
7.950000000000085265e+01 -1.633070514068197099e+01
7.960000000000084697e+01 -1.639853171720283243e+01
7.970000000000084128e+01 -1.646653918645466064e+01
7.980000000000084981e+01 -1.653472779139929116e+01
7.990000000000085834e+01 -1.660309777515425722e+01
