2.000000000000000000e+01 2.748470076300800979e+00
2.010000000000000142e+01 2.758960292801728720e+00
2.020000000000000284e+01 2.769267271157004107e+00
2.030000000000000426e+01 2.779392779409128877e+00
2.040000000000000568e+01 2.789338548995886846e+00
2.050000000000000711e+01 2.799106275580000247e+00
2.060000000000000853e+01 2.808697619856621586e+00
2.070000000000000995e+01 2.818114208339289828e+00
2.080000000000001137e+01 2.827357634125047259e+00
2.090000000000001279e+01 2.836429457639310314e+00
2.100000000000001421e+01 2.845331207361158743e+00
2.110000000000001563e+01 2.854064380529584444e+00
2.120000000000001705e+01 2.862630443831299942e+00
2.130000000000001847e+01 2.871030834070658067e+00
2.140000000000001990e+01 2.879266958822200628e+00
2.150000000000002132e+01 2.887340197066373904e+00
2.160000000000002274e+01 2.895251899808884311e+00
2.170000000000002416e+01 2.903003390684207208e+00
2.180000000000002558e+01 2.910595966543673807e+00
2.190000000000002700e+01 2.918030898028642017e+00
2.200000000000002842e+01 2.925309430129131361e+00
2.210000000000002984e+01 2.932432782728377152e+00
2.220000000000003126e+01 2.939402151133702734e+00
2.230000000000003268e+01 2.946218706594109449e+00
2.240000000000003411e+01 2.952883596804954713e+00
2.250000000000003553e+01 2.959397946400098345e+00
2.260000000000003695e+01 2.965762857431866184e+00
2.270000000000003837e+01 2.971979409839193398e+00
2.280000000000003979e+01 2.978048661904254768e+00
2.290000000000004121e+01 2.983971650697940792e+00
2.300000000000004263e+01 2.989749392514454485e+00
2.310000000000004405e+01 2.995382883295379273e+00
2.320000000000004547e+01 3.000873099043459558e+00
2.330000000000004690e+01 3.006220996226435460e+00
2.340000000000004832e+01 3.011427512171151566e+00
2.350000000000004974e+01 3.016493565448262970e+00
2.360000000000005116e+01 3.021420056247745567e+00
2.370000000000005258e+01 3.026207866745506792e+00
2.380000000000005400e+01 3.030857861461308200e+00
2.390000000000005542e+01 3.035370887608257018e+00
2.400000000000005684e+01 3.039747775434079369e+00
2.410000000000005826e+01 3.043989338554407897e+00
2.420000000000005969e+01 3.048096374278304488e+00
2.430000000000006111e+01 3.052069663926197940e+00
2.440000000000006253e+01 3.055909973140480851e+00
2.450000000000006395e+01 3.059618052188926907e+00
2.460000000000006537e+01 3.063194636261134196e+00
2.470000000000006679e+01 3.066640445758179734e+00
2.480000000000006821e+01 3.069956186575662826e+00
2.490000000000006963e+01 3.073142550380302485e+00
2.500000000000007105e+01 3.076200214880268735e+00
2.510000000000007248e+01 3.079129844089415258e+00
2.520000000000007390e+01 3.081932088585552787e+00
2.530000000000007532e+01 3.084607585762933812e+00
2.540000000000007674e+01 3.087156960079094237e+00
2.550000000000007816e+01 3.089580823296198098e+00
2.560000000000007958e+01 3.091879774717019469e+00
2.570000000000008100e+01 3.094054401415710309e+00
2.580000000000008242e+01 3.096105278463478161e+00
2.590000000000008384e+01 3.098032969149305149e+00
2.600000000000008527e+01 3.099838025195834401e+00
2.610000000000008669e+01 3.101520986970550009e+00
2.620000000000008811e+01 3.103082383692354895e+00
2.630000000000008953e+01 3.104522733633685139e+00
2.640000000000009095e+01 3.105842544318246912e+00
2.650000000000009237e+01 3.107042312714504817e+00
2.660000000000009379e+01 3.108122525425010885e+00
2.670000000000009521e+01 3.109083658871699019e+00
2.680000000000009663e+01 3.109926179477212393e+00
2.690000000000009805e+01 3.110650543842397031e+00
2.700000000000009948e+01 3.111257198920027722e+00
2.710000000000010090e+01 3.111746582184868881e+00
2.720000000000010232e+01 3.112119121800162258e+00
2.730000000000010374e+01 3.112375236780625887e+00
2.740000000000010516e+01 3.112515337152041095e+00
2.750000000000010658e+01 3.112539824107525721e+00
2.760000000000010800e+01 3.112449090160555709e+00
2.770000000000010942e+01 3.112243519294828786e+00
2.780000000000011084e+01 3.111923487111022180e+00
2.790000000000011227e+01 3.111489360970559837e+00
2.800000000000011369e+01 3.110941500136410021e+00
2.810000000000011511e+01 3.110280255911014979e+00
2.820000000000011653e+01 3.109505971771419741e+00
2.830000000000011795e+01 3.108618983501652888e+00
2.840000000000011937e+01 3.107619619322426807e+00
2.850000000000012079e+01 3.106508200018227583e+00
2.860000000000012221e+01 3.105285039061850938e+00
2.870000000000012363e+01 3.103950442736439275e+00
2.880000000000012506e+01 3.102504710255084230e+00
2.890000000000012648e+01 3.100948133878044910e+00
2.900000000000012790e+01 3.099280999027642203e+00
2.910000000000012932e+01 3.097503584400882914e+00
2.920000000000013074e+01 3.095616162079852351e+00
2.930000000000013216e+01 3.093618997639945967e+00
2.940000000000013358e+01 3.091512350255975594e+00
2.950000000000013500e+01 3.089296472806202676e+00
2.960000000000013642e+01 3.086971611974342000e+00
2.970000000000013785e+01 3.084538008349592353e+00
2.980000000000013927e+01 3.081995896524718503e+00
2.990000000000014069e+01 3.079345505192246701e+00
3.000000000000014211e+01 3.076587057238816758e+00
3.010000000000014353e+01 3.073720769837701372e+00
3.020000000000014495e+01 3.070746854539581072e+00
3.030000000000014637e+01 3.067665517361570782e+00
3.040000000000014779e+01 3.064476958874560175e+00
3.050000000000014921e+01 3.061181374288896251e+00
3.060000000000015064e+01 3.057778953538451638e+00
3.070000000000015206e+01 3.054269881363100403e+00
3.080000000000015348e+01 3.050654337389650195e+00
3.090000000000015490e+01 3.046932496211255170e+00
3.100000000000015632e+01 3.043104527465349207e+00
3.110000000000015774e+01 3.039170595910122952e+00
3.120000000000015916e+01 3.035130861499588217e+00
3.130000000000016058e+01 3.030985479457241727e+00
3.140000000000016200e+01 3.026734600348381043e+00
3.150000000000016342e+01 3.022378370151078020e+00
3.160000000000016485e+01 3.017916930325862168e+00
3.170000000000016627e+01 3.013350417884117949e+00
3.180000000000016769e+01 3.008678965455236387e+00
3.190000000000016911e+01 3.003902701352550775e+00
3.200000000000017053e+01 2.999021749638072887e+00
3.210000000000017195e+01 2.994036230186051473e+00
3.220000000000017337e+01 2.988946258745395212e+00
3.230000000000017479e+01 2.983751947000969462e+00
3.240000000000017621e+01 2.978453402633782332e+00
3.250000000000017764e+01 2.973050729380115609e+00
3.260000000000017906e+01 2.967544027089580982e+00
3.270000000000018048e+01 2.961933391782157976e+00
3.280000000000018190e+01 2.956218915704208250e+00
3.290000000000018332e+01 2.950400687383510689e+00
3.300000000000018474e+01 2.944478791683316388e+00
3.310000000000018616e+01 2.938453309855462159e+00
3.320000000000018758e+01 2.932324319592539030e+00
3.330000000000018900e+01 2.926091895079169447e+00
3.340000000000019043e+01 2.919756107042363436e+00
3.350000000000019185e+01 2.913317022801022116e+00
3.360000000000019327e+01 2.906774706314568579e+00
3.370000000000019469e+01 2.900129218230746986e+00
3.380000000000019611e+01 2.893380615932584110e+00
3.390000000000019753e+01 2.886528953584559076e+00
3.400000000000019895e+01 2.879574282177968403e+00
3.410000000000020037e+01 2.872516649575519221e+00
3.420000000000020179e+01 2.865356100555159991e+00
3.430000000000020322e+01 2.858092676853170921e+00
3.440000000000020464e+01 2.850726417206514984e+00
3.450000000000020606e+01 2.843257357394475271e+00
3.460000000000020748e+01 2.835685530279588473e+00
3.470000000000020890e+01 2.828010965847896241e+00
3.480000000000021032e+01 2.820233691248505092e+00
3.490000000000021174e+01 2.812353730832499288e+00
3.500000000000021316e+01 2.804371106191195562e+00
3.510000000000021458e+01 2.796285836193758367e+00
3.520000000000021600e+01 2.788097937024201833e+00
3.530000000000021743e+01 2.779807422217762447e+00
3.540000000000021885e+01 2.771414302696677989e+00
3.550000000000022027e+01 2.762918586805381604e+00
3.560000000000022169e+01 2.754320280345109673e+00
3.570000000000022311e+01 2.745619386607941692e+00
3.580000000000022453e+01 2.736815906410287269e+00
3.590000000000022595e+01 2.727909838125827768e+00
3.600000000000022737e+01 2.718901177717912621e+00
3.610000000000022879e+01 2.709789918771441819e+00
3.620000000000023022e+01 2.700576052524220838e+00
3.630000000000023164e+01 2.691259567897819949e+00
3.640000000000023306e+01 2.681840451527922387e+00
3.650000000000023448e+01 2.672318687794200009e+00
3.660000000000023590e+01 2.662694258849700457e+00
3.670000000000023732e+01 2.652967144649761799e+00
3.680000000000023874e+01 2.643137322980481319e+00
3.690000000000024016e+01 2.633204769486704233e+00
3.700000000000024158e+01 2.623169457699598528e+00
3.710000000000024301e+01 2.613031359063774595e+00
3.720000000000024443e+01 2.602790442963978990e+00
3.730000000000024585e+01 2.592446676751367196e+00
3.740000000000024727e+01 2.582000025769372265e+00
3.750000000000024869e+01 2.571450453379154233e+00
3.760000000000025011e+01 2.560797920984664966e+00
3.770000000000025153e+01 2.550042388057307097e+00
3.780000000000025295e+01 2.539183812160224374e+00
3.790000000000025437e+01 2.528222148972200767e+00
3.800000000000025580e+01 2.517157352311208296e+00
3.810000000000025722e+01 2.505989374157561400e+00
3.820000000000025864e+01 2.494718164676749339e+00
3.830000000000026006e+01 2.483343672241882683e+00
3.840000000000026148e+01 2.471865843455830269e+00
3.850000000000026290e+01 2.460284623172984908e+00
3.860000000000026432e+01 2.448599954520719990e+00
3.870000000000026574e+01 2.436811778920506821e+00
3.880000000000026716e+01 2.424920036108716648e+00
3.890000000000026859e+01 2.412924664157102050e+00
3.900000000000027001e+01 2.400825599492975915e+00
3.910000000000027143e+01 2.388622776919081314e+00
3.920000000000027285e+01 2.376316129633158969e+00
3.930000000000027427e+01 2.363905589247226047e+00
3.940000000000027569e+01 2.351391085806568082e+00
3.950000000000027711e+01 2.338772547808437796e+00
3.960000000000027853e+01 2.326049902220478582e+00
3.970000000000027995e+01 2.313223074498889087e+00
3.980000000000028137e+01 2.300291988606285365e+00
3.990000000000028280e+01 2.287256567029329446e+00
4.000000000000028422e+01 2.274116730796083896e+00
4.010000000000028564e+01 2.260872399493108809e+00
4.020000000000028706e+01 2.247523491282310548e+00
4.030000000000028848e+01 2.234069922917545803e+00
4.040000000000028990e+01 2.220511609760974725e+00
4.050000000000029132e+01 2.206848465799182701e+00
4.060000000000029274e+01 2.193080403659061428e+00
4.070000000000029416e+01 2.179207334623460834e+00
4.080000000000029559e+01 2.165229168646620739e+00
4.090000000000029701e+01 2.151145814369364029e+00
4.100000000000029843e+01 2.136957179134079787e+00
4.110000000000029985e+01 2.122663168999491035e+00
4.120000000000030127e+01 2.108263688755207976e+00
4.130000000000030269e+01 2.093758641936072973e+00
4.140000000000030411e+01 2.079147930836292346e+00
4.150000000000030553e+01 2.064431456523379449e+00
4.160000000000030695e+01 2.049609118851892564e+00
4.170000000000030838e+01 2.034680816476969856e+00
4.180000000000030980e+01 2.019646446867683132e+00
4.190000000000031122e+01 2.004505906320200648e+00
4.200000000000031264e+01 1.989259089970754069e+00
4.210000000000031406e+01 1.973905891808434232e+00
4.220000000000031548e+01 1.958446204687800618e+00
4.230000000000031690e+01 1.942879920341315181e+00
4.240000000000031832e+01 1.927206929391596990e+00
4.250000000000031974e+01 1.911427121363513892e+00
4.260000000000032117e+01 1.895540384696101199e+00
4.270000000000032259e+01 1.879546606754311178e+00
4.280000000000032401e+01 1.863445673840598227e+00
4.290000000000032543e+01 1.847237471206359949e+00
4.300000000000032685e+01 1.830921883063186817e+00
4.310000000000032827e+01 1.814498792593993937e+00
4.320000000000032969e+01 1.797968081963970066e+00
4.330000000000033111e+01 1.781329632331392965e+00
4.340000000000033253e+01 1.764583323858286201e+00
4.350000000000033396e+01 1.747729035720934521e+00
4.360000000000033538e+01 1.730766646120257990e+00
4.370000000000033680e+01 1.713696032292034932e+00
4.380000000000033822e+01 1.696517070516994519e+00
4.390000000000033964e+01 1.679229636130773917e+00
4.400000000000034106e+01 1.661833603533726222e+00
4.410000000000034248e+01 1.644328846200609595e+00
4.420000000000034390e+01 1.626715236690140953e+00
4.430000000000034532e+01 1.608992646654418879e+00
4.440000000000034674e+01 1.591160946848221514e+00
4.450000000000034817e+01 1.573220007138175225e+00
4.460000000000034959e+01 1.555169696511809585e+00
4.470000000000035101e+01 1.537009883086483120e+00
4.480000000000035243e+01 1.518740434118190707e+00
4.490000000000035385e+01 1.500361216010253740e+00
4.500000000000035527e+01 1.481872094321898370e+00
4.510000000000035669e+01 1.463272933776715412e+00
4.520000000000035811e+01 1.444563598271011662e+00
4.530000000000035953e+01 1.425743950882043976e+00
4.540000000000036096e+01 1.406813853876150988e+00
4.550000000000036238e+01 1.387773168716781580e+00
4.560000000000036380e+01 1.368621756072402995e+00
4.570000000000036522e+01 1.349359475824316146e+00
4.580000000000036664e+01 1.329986187074371440e+00
4.590000000000036806e+01 1.310501748152569812e+00
4.600000000000036948e+01 1.290906016624580044e+00
4.610000000000037090e+01 1.271198849299144840e+00
4.620000000000037232e+01 1.251380102235403635e+00
4.630000000000037375e+01 1.231449630750107715e+00
4.640000000000037517e+01 1.211407289424745182e+00
4.650000000000037659e+01 1.191252932112583096e+00
4.660000000000037801e+01 1.170986411945604599e+00
4.670000000000037943e+01 1.150607581341364982e+00
4.680000000000038085e+01 1.130116292009758716e+00
4.690000000000038227e+01 1.109512394959695447e+00
4.700000000000038369e+01 1.088795740505697163e+00
4.710000000000038511e+01 1.067966178274402544e+00
4.720000000000038654e+01 1.047023557210995826e+00
4.730000000000038796e+01 1.025967725585545720e+00
4.740000000000038938e+01 1.004798530999275963e+00
4.750000000000039080e+01 9.835158203907377050e-01
4.760000000000039222e+01 9.621194400419259551e-01
4.770000000000039364e+01 9.406092355842932129e-01
4.780000000000039506e+01 9.189850520047084803e-01
4.790000000000039648e+01 8.972467336513363367e-01
4.800000000000039790e+01 8.753941242394261968e-01
4.810000000000039933e+01 8.534270668570521634e-01
4.820000000000040075e+01 8.313454039707625087e-01
4.830000000000040217e+01 8.091489774311674266e-01
4.840000000000040359e+01 7.868376284784596164e-01
4.850000000000040501e+01 7.644111977478474929e-01
4.860000000000040643e+01 7.418695252749450963e-01
4.870000000000040785e+01 7.192124505010836222e-01
4.880000000000040927e+01 6.964398122785466771e-01
4.890000000000041069e+01 6.735514488757605722e-01
4.900000000000041211e+01 6.505471979824034578e-01
4.910000000000041354e+01 6.274268967144656095e-01
4.920000000000041496e+01 6.041903816192273347e-01
4.930000000000041638e+01 5.808374886801999093e-01
4.940000000000041780e+01 5.573680533219870226e-01
4.950000000000041922e+01 5.337819104150858252e-01
4.960000000000042064e+01 5.100788942806536719e-01
4.970000000000042206e+01 4.862588386951802732e-01
4.980000000000042348e+01 4.623215768951314253e-01
4.990000000000042490e+01 4.382669415815204084e-01
5.000000000000042633e+01 4.140947649244269835e-01
5.010000000000042775e+01 3.898048785674681493e-01
5.020000000000042917e+01 3.653971136322107238e-01
5.030000000000043059e+01 3.408713007225137592e-01
5.040000000000043201e+01 3.162272699288533051e-01
5.050000000000043343e+01 2.914648508325581866e-01
5.060000000000043485e+01 2.665838725100177498e-01
5.070000000000043627e+01 2.415841635368365381e-01
5.080000000000043769e+01 2.164655519919227167e-01
5.090000000000043912e+01 1.912278654615494899e-01
5.100000000000044054e+01 1.658709310433489625e-01
5.110000000000044196e+01 1.403945753502684746e-01
5.120000000000044338e+01 1.147986245144844014e-01
5.130000000000044480e+01 8.908290419124705040e-02
5.140000000000044622e+01 6.324723956270485170e-02
5.150000000000044764e+01 3.729145534166987408e-02
5.160000000000044906e+01 1.121537577533741024e-02
5.170000000000045048e+01 -1.498117535102933343e-02
5.180000000000045191e+01 -4.129837471047015374e-02
5.190000000000045333e+01 -6.773639943073733738e-02
5.200000000000045475e+01 -9.429542709073704398e-02
5.210000000000045617e+01 -1.209756357170344854e-01
5.220000000000045759e+01 -1.477772037803805616e-01
5.230000000000045901e+01 -1.747003101922882662e-01
5.240000000000046043e+01 -2.017451343016565535e-01
5.250000000000046185e+01 -2.289118558914163548e-01
5.260000000000046327e+01 -2.562006551752226691e-01
5.270000000000046469e+01 -2.836117127942059946e-01
5.280000000000046612e+01 -3.111452098137267308e-01
5.290000000000046754e+01 -3.388013277201895046e-01
5.300000000000046896e+01 -3.665802484179030984e-01
5.310000000000047038e+01 -3.944821542259509539e-01
5.320000000000047180e+01 -4.225072278751082488e-01
5.330000000000047322e+01 -4.506556525048171502e-01
5.340000000000047464e+01 -4.789276116601637323e-01
5.350000000000047606e+01 -5.073232892889097956e-01
5.360000000000047748e+01 -5.358428697385512196e-01
5.370000000000047891e+01 -5.644865377534209472e-01
5.380000000000048033e+01 -5.932544784718136732e-01
5.390000000000048175e+01 -6.221468774231462273e-01
5.400000000000048317e+01 -6.511639205251568141e-01
5.410000000000048459e+01 -6.803057940811350068e-01
5.420000000000048601e+01 -7.095726847771696155e-01
5.430000000000048743e+01 -7.389647796794613921e-01
5.440000000000048885e+01 -7.684822662316236341e-01
5.450000000000049027e+01 -7.981253322520471816e-01
5.460000000000049170e+01 -8.278941659312812895e-01
5.470000000000049312e+01 -8.577889558294508054e-01
5.480000000000049454e+01 -8.878098908736986594e-01
5.490000000000049596e+01 -9.179571603556511139e-01
5.500000000000049738e+01 -9.482309539289301981e-01
5.510000000000049880e+01 -9.786314616066686956e-01
5.520000000000050022e+01 -1.009158873759098185e+00
5.530000000000050164e+01 -1.039813381111097446e+00
5.540000000000050306e+01 -1.070595174739832123e+00
5.550000000000050449e+01 -1.101504446072379517e+00
5.560000000000050591e+01 -1.132541386883422874e+00
5.570000000000050733e+01 -1.163706189292906590e+00
5.580000000000050875e+01 -1.194999045763790901e+00
5.590000000000051017e+01 -1.226420149099772150e+00
5.600000000000051159e+01 -1.257969692443076548e+00
5.610000000000051301e+01 -1.289647869272240843e+00
5.620000000000051443e+01 -1.321454873399940499e+00
5.630000000000051585e+01 -1.353390898970840084e+00
5.640000000000051728e+01 -1.385456140459444985e+00
5.650000000000051870e+01 -1.417650792668029736e+00
5.660000000000052012e+01 -1.449975050724519487e+00
5.670000000000052154e+01 -1.482429110080456525e+00
5.680000000000052296e+01 -1.515013166508954123e+00
5.690000000000052438e+01 -1.547727416102693487e+00
5.700000000000052580e+01 -1.580572055271916465e+00
5.710000000000052722e+01 -1.613547280742480661e+00
5.720000000000052864e+01 -1.646653289553895227e+00
5.730000000000053006e+01 -1.679890279057408620e+00
5.740000000000053149e+01 -1.713258446914100341e+00
5.750000000000053291e+01 -1.746757991092997120e+00
5.760000000000053433e+01 -1.780389109869229047e+00
5.770000000000053575e+01 -1.814152001822174398e+00
5.780000000000053717e+01 -1.848046865833641750e+00
5.790000000000053859e+01 -1.882073901086078527e+00
5.800000000000054001e+01 -1.916233307060790425e+00
5.810000000000054143e+01 -1.950525283536183263e+00
5.820000000000054285e+01 -1.984950030586021485e+00
5.830000000000054428e+01 -2.019507748577707318e+00
5.840000000000054570e+01 -2.054198638170590119e+00
5.850000000000054712e+01 -2.089022900314261300e+00
5.860000000000054854e+01 -2.123980736246928291e+00
5.870000000000054996e+01 -2.159072347493733002e+00
5.880000000000055138e+01 -2.194297935865141547e+00
5.890000000000055280e+01 -2.229657703455342865e+00
5.900000000000055422e+01 -2.265151852640638452e+00
5.910000000000055564e+01 -2.300780586077895595e+00
5.920000000000055707e+01 -2.336544106702962420e+00
5.930000000000055849e+01 -2.372442617729153991e+00
5.940000000000055991e+01 -2.408476322645711765e+00
5.950000000000056133e+01 -2.444645425216315449e+00
5.960000000000056275e+01 -2.480950129477576205e+00
5.970000000000056417e+01 -2.517390639737586699e+00
5.980000000000056559e+01 -2.553967160574448059e+00
5.990000000000056701e+01 -2.590679896834830576e+00
6.000000000000056843e+01 -2.627529053632562395e+00
6.010000000000056986e+01 -2.664514836347215088e+00
6.020000000000057128e+01 -2.701637450622707437e+00
6.030000000000057270e+01 -2.738897102365930092e+00
6.040000000000057412e+01 -2.776293997745377773e+00
6.050000000000057554e+01 -2.813828343189824555e+00
6.060000000000057696e+01 -2.851500345386960511e+00
6.070000000000057838e+01 -2.889310211282094976e+00
6.080000000000057980e+01 -2.927258148076839817e+00
6.090000000000058122e+01 -2.965344363227842006e+00
6.100000000000058265e+01 -3.003569064445465564e+00
6.110000000000058407e+01 -3.041932459692595181e+00
6.120000000000058549e+01 -3.080434757183314165e+00
6.130000000000058691e+01 -3.119076165381744925e+00
6.140000000000058833e+01 -3.157856893000765997e+00
6.150000000000058975e+01 -3.196777149000840534e+00
6.160000000000059117e+01 -3.235837142588818605e+00
6.170000000000059259e+01 -3.275037083216751910e+00
6.180000000000059401e+01 -3.314377180580724502e+00
6.190000000000059543e+01 -3.353857644619695044e+00
6.200000000000059686e+01 -3.393478685514374593e+00
6.210000000000059828e+01 -3.433240513686068862e+00
6.220000000000059970e+01 -3.473143339795583540e+00
6.230000000000060112e+01 -3.513187374742100300e+00
6.240000000000060254e+01 -3.553372829662106103e+00
6.250000000000060396e+01 -3.593699915928295852e+00
6.260000000000060538e+01 -3.634168845148500804e+00
6.270000000000060680e+01 -3.674779829164648959e+00
6.280000000000060822e+01 -3.715533080051694803e+00
6.290000000000060965e+01 -3.756428810116608119e+00
6.300000000000061107e+01 -3.797467231897335260e+00
6.310000000000061249e+01 -3.838648558161790625e+00
6.320000000000061391e+01 -3.879973001906863672e+00
6.330000000000061533e+01 -3.921440776357420166e+00
6.340000000000061675e+01 -3.963052094965320293e+00
6.350000000000061817e+01 -4.004807171408469202e+00
6.360000000000061959e+01 -4.046706219589818687e+00
6.370000000000062101e+01 -4.088749453636483011e+00
6.380000000000062244e+01 -4.130937087898734816e+00
6.390000000000062386e+01 -4.173269336949125830e+00
6.400000000000062528e+01 -4.215746415581538287e+00
6.410000000000061959e+01 -4.258368538810310966e+00
6.420000000000062812e+01 -4.301135921869321699e+00
6.430000000000063665e+01 -4.344048780211093863e+00
6.440000000000063096e+01 -4.387107329505929521e+00
6.450000000000062528e+01 -4.430311785641055877e+00
6.460000000000063380e+01 -4.473662364719751316e+00
6.470000000000064233e+01 -4.517159283060488306e+00
6.480000000000063665e+01 -4.560802757196103840e+00
6.490000000000063096e+01 -4.604593003872979651e+00
6.500000000000063949e+01 -4.648530240050222417e+00
6.510000000000064801e+01 -4.692614682898822664e+00
6.520000000000064233e+01 -4.736846549800869610e+00
6.530000000000063665e+01 -4.781226058348778452e+00
6.540000000000064517e+01 -4.825753426344483010e+00
6.550000000000065370e+01 -4.870428871798641701e+00
6.560000000000064801e+01 -4.915252612929898568e+00
6.570000000000064233e+01 -4.960224868164126555e+00
6.580000000000065086e+01 -5.005345856133658344e+00
6.590000000000065938e+01 -5.050615795676542952e+00
6.600000000000065370e+01 -5.096034905835816531e+00
6.610000000000064801e+01 -5.141603405858788278e+00
6.620000000000065654e+01 -5.187321515196310351e+00
6.630000000000066507e+01 -5.233189453502054889e+00
6.640000000000065938e+01 -5.279207440631835446e+00
6.650000000000065370e+01 -5.325375696642902668e+00
6.660000000000066223e+01 -5.371694441793242625e+00
6.670000000000067075e+01 -5.418163896540931113e+00
6.680000000000066507e+01 -5.464784281543411559e+00
6.690000000000065938e+01 -5.511555817656885736e+00
6.700000000000066791e+01 -5.558478725935636966e+00
6.710000000000067644e+01 -5.605553227631350666e+00
6.720000000000067075e+01 -5.652779544192497063e+00
6.730000000000066507e+01 -5.700157897263722795e+00
6.740000000000067359e+01 -5.747688508685176778e+00
6.750000000000068212e+01 -5.795371600491898256e+00
6.760000000000067644e+01 -5.843207394913221719e+00
6.770000000000067075e+01 -5.891196114372172943e+00
6.780000000000067928e+01 -5.939337981484839268e+00
6.790000000000068781e+01 -5.987633219059800282e+00
6.800000000000068212e+01 -6.036082050097524743e+00
6.810000000000067644e+01 -6.084684697789807473e+00
6.820000000000068496e+01 -6.133441385519203592e+00
6.830000000000069349e+01 -6.182352336858408570e+00
6.840000000000068781e+01 -6.231417775569759954e+00
6.850000000000068212e+01 -6.280637925604653837e+00
6.860000000000069065e+01 -6.330013011103005738e+00
6.870000000000069917e+01 -6.379543256392690154e+00
6.880000000000069349e+01 -6.429228885989021869e+00
6.890000000000068781e+01 -6.479070124594227487e+00
6.900000000000069633e+01 -6.529067197096929398e+00
6.910000000000070486e+01 -6.579220328571593335e+00
6.920000000000069917e+01 -6.629529744278054082e+00
6.930000000000069349e+01 -6.679995669660995894e+00
6.940000000000070202e+01 -6.730618330349456890e+00
6.950000000000071054e+01 -6.781397952156325459e+00
6.960000000000070486e+01 -6.832334761077846430e+00
6.970000000000069917e+01 -6.883428983293183201e+00
6.980000000000070770e+01 -6.934680845163887497e+00
6.990000000000071623e+01 -6.986090573233440182e+00
7.000000000000071054e+01 -7.037658394226805392e+00
7.010000000000070486e+01 -7.089384535049956249e+00
7.020000000000071338e+01 -7.141269222789431659e+00
7.030000000000072191e+01 -7.193312684711866467e+00
7.040000000000071623e+01 -7.245515148263543814e+00
7.050000000000071054e+01 -7.297876841070007892e+00
7.060000000000071907e+01 -7.350397990935562120e+00
7.070000000000072760e+01 -7.403078825842877464e+00
7.080000000000072191e+01 -7.455919573952558110e+00
7.090000000000071623e+01 -7.508920463602733797e+00
7.100000000000072475e+01 -7.562081723308646808e+00
7.110000000000073328e+01 -7.615403581762214991e+00
7.120000000000072760e+01 -7.668886267831642733e+00
7.130000000000072191e+01 -7.722530010561060365e+00
7.140000000000073044e+01 -7.776335039170080954e+00
7.150000000000073896e+01 -7.830301583053415726e+00
7.160000000000073328e+01 -7.884429871780504584e+00
7.170000000000072760e+01 -7.938720135095136854e+00
7.180000000000073612e+01 -7.993172602915092462e+00
7.190000000000074465e+01 -8.047787505331710278e+00
7.200000000000073896e+01 -8.102565072609571928e+00
7.210000000000073328e+01 -8.157505535186153622e+00
7.220000000000074181e+01 -8.212609123671432698e+00
7.230000000000075033e+01 -8.267876068847535009e+00
7.240000000000074465e+01 -8.323306601668402749e+00
7.250000000000073896e+01 -8.378900953259453388e+00
7.260000000000074749e+01 -8.434659354917240393e+00
7.270000000000075602e+01 -8.490582038109101504e+00
7.280000000000075033e+01 -8.546669234472810572e+00
7.290000000000074465e+01 -8.602921175816316435e+00
7.300000000000075318e+01 -8.659338094117353890e+00
7.310000000000076170e+01 -8.715920221523173694e+00
7.320000000000075602e+01 -8.772667790350164196e+00
7.330000000000075033e+01 -8.829581033083620412e+00
7.340000000000075886e+01 -8.886660182377385198e+00
7.350000000000076739e+01 -8.943905471053543721e+00
7.360000000000076170e+01 -9.001317132102153451e+00
7.370000000000075602e+01 -9.058895398680931521e+00
7.380000000000076454e+01 -9.116640504114965182e+00
7.390000000000077307e+01 -9.174552681896436468e+00
7.400000000000076739e+01 -9.232632165684300674e+00
7.410000000000076170e+01 -9.290879189304069641e+00
7.420000000000077023e+01 -9.349293986747477803e+00
7.430000000000077875e+01 -9.407876792172247704e+00
7.440000000000077307e+01 -9.466627839901777364e+00
7.450000000000076739e+01 -9.525547364424927110e+00
7.460000000000077591e+01 -9.584635600395730037e+00
7.470000000000078444e+01 -9.643892782633145089e+00
7.480000000000077875e+01 -9.703319146120771066e+00
7.490000000000077307e+01 -9.762914926006647676e+00
7.500000000000078160e+01 -9.822680357602965984e+00
7.510000000000079012e+01 -9.882615676385837489e+00
7.520000000000078444e+01 -9.942721117995048985e+00
7.530000000000077875e+01 -1.000299691823385650e+01
7.540000000000078728e+01 -1.006344331306869755e+01
7.550000000000079581e+01 -1.012406053862900634e+01
7.560000000000079012e+01 -1.018484883120694207e+01
7.570000000000078444e+01 -1.024580842725722007e+01
7.580000000000079297e+01 -1.030693956339686324e+01
7.590000000000080149e+01 -1.036824247640495855e+01
7.600000000000079581e+01 -1.042971740322246710e+01
7.610000000000079012e+01 -1.049136458095203217e+01
7.620000000000079865e+01 -1.055318424685774303e+01
7.630000000000080718e+01 -1.061517663836493597e+01
7.640000000000080149e+01 -1.067734199305997755e+01
7.650000000000079581e+01 -1.073968054869010302e+01
7.660000000000080433e+01 -1.080219254316320665e+01
7.670000000000081286e+01 -1.086487821454761260e+01
7.680000000000080718e+01 -1.092773780107191328e+01
7.690000000000080149e+01 -1.099077154112479349e+01
7.700000000000081002e+01 -1.105397967325485098e+01
7.710000000000081855e+01 -1.111736243617037090e+01
7.720000000000081286e+01 -1.118092006873916233e+01
7.730000000000080718e+01 -1.124465280998841799e+01
7.740000000000081570e+01 -1.130856089910453299e+01
7.750000000000082423e+01 -1.137264457543288110e+01
7.760000000000081855e+01 -1.143690407847768498e+01
7.770000000000081286e+01 -1.150133964790187768e+01
7.780000000000082139e+01 -1.156595152352691969e+01
7.790000000000082991e+01 -1.163073994533259281e+01
7.800000000000082423e+01 -1.169570515345690964e+01
7.810000000000081855e+01 -1.176084738819593589e+01
7.820000000000082707e+01 -1.182616689000364829e+01
7.830000000000083560e+01 -1.189166389949174274e+01
7.840000000000082991e+01 -1.195733865742953483e+01
7.850000000000082423e+01 -1.202319140474381598e+01
7.860000000000083276e+01 -1.208922238251868819e+01
7.870000000000084128e+01 -1.215543183199543975e+01
7.880000000000083560e+01 -1.222181999457237467e+01
7.890000000000082991e+01 -1.228838711180475229e+01
7.900000000000083844e+01 -1.235513342540460435e+01
7.910000000000084697e+01 -1.242205917724058395e+01
7.920000000000084128e+01 -1.248916460933789452e+01
7.930000000000083560e+01 -1.255644996387813173e+01
7.940000000000084412e+01 -1.262391548319919998e+01
7.950000000000085265e+01 -1.269156140979511882e+01
7.960000000000084697e+01 -1.275938798631598381e+01
7.970000000000084128e+01 -1.282739545556781202e+01
7.980000000000084981e+01 -1.289558406051244255e+01
7.990000000000085834e+01 -1.296395404426740683e+01
