2.000000000000000000e+01 -2.103721564881666062e+00
2.010000000000000142e+01 -2.093231348380738321e+00
2.020000000000000284e+01 -2.082924370025462490e+00
2.030000000000000426e+01 -2.072798861773338164e+00
2.040000000000000568e+01 -2.062853092186580195e+00
2.050000000000000711e+01 -2.053085365602466794e+00
2.060000000000000853e+01 -2.043494021325845456e+00
2.070000000000000995e+01 -2.034077432843176769e+00
2.080000000000001137e+01 -2.024834007057419782e+00
2.090000000000001279e+01 -2.015762183543156727e+00
2.100000000000001421e+01 -2.006860433821307854e+00
2.110000000000001563e+01 -1.998127260652882375e+00
2.120000000000001705e+01 -1.989561197351166877e+00
2.130000000000001847e+01 -1.981160807111808753e+00
2.140000000000001990e+01 -1.972924682360265969e+00
2.150000000000002132e+01 -1.964851444116092916e+00
2.160000000000002274e+01 -1.956939741373582509e+00
2.170000000000002416e+01 -1.949188250498259611e+00
2.180000000000002558e+01 -1.941595674638793012e+00
2.190000000000002700e+01 -1.934160743153824802e+00
2.200000000000002842e+01 -1.926882211053335459e+00
2.210000000000002984e+01 -1.919758858454089445e+00
2.220000000000003126e+01 -1.912789490048764307e+00
2.230000000000003268e+01 -1.905972934588357592e+00
2.240000000000003411e+01 -1.899308044377512328e+00
2.250000000000003553e+01 -1.892793694782368696e+00
2.260000000000003695e+01 -1.886428783750600857e+00
2.270000000000003837e+01 -1.880212231343273421e+00
2.280000000000003979e+01 -1.874142979278211829e+00
2.290000000000004121e+01 -1.868219990484526027e+00
2.300000000000004263e+01 -1.862442248668012557e+00
2.310000000000004405e+01 -1.856808757887087769e+00
2.320000000000004547e+01 -1.851318542139007262e+00
2.330000000000004690e+01 -1.845970644956031581e+00
2.340000000000004832e+01 -1.840764129011315031e+00
2.350000000000004974e+01 -1.835698075734204071e+00
2.360000000000005116e+01 -1.830771584934721252e+00
2.370000000000005258e+01 -1.825983774436960028e+00
2.380000000000005400e+01 -1.821333779721158841e+00
2.390000000000005542e+01 -1.816820753574209801e+00
2.400000000000005684e+01 -1.812443865748387450e+00
2.410000000000005826e+01 -1.808202302628058922e+00
2.420000000000005969e+01 -1.804095266904162331e+00
2.430000000000006111e+01 -1.800121977256268879e+00
2.440000000000006253e+01 -1.796281668041985968e+00
2.450000000000006395e+01 -1.792573588993540135e+00
2.460000000000006537e+01 -1.788997004921332623e+00
2.470000000000006679e+01 -1.785551195424287085e+00
2.480000000000006821e+01 -1.782235454606803993e+00
2.490000000000006963e+01 -1.779049090802164557e+00
2.500000000000007105e+01 -1.775991426302198306e+00
2.510000000000007248e+01 -1.773061797093051339e+00
2.520000000000007390e+01 -1.770259552596913810e+00
2.530000000000007532e+01 -1.767584055419533007e+00
2.540000000000007674e+01 -1.765034681103372582e+00
2.550000000000007816e+01 -1.762610817886268944e+00
2.560000000000007958e+01 -1.760311866465447572e+00
2.570000000000008100e+01 -1.758137239766756732e+00
2.580000000000008242e+01 -1.756086362718988880e+00
2.590000000000008384e+01 -1.754158672033161448e+00
2.600000000000008527e+01 -1.752353615986632418e+00
2.610000000000008669e+01 -1.750670654211916810e+00
2.620000000000008811e+01 -1.749109257490112146e+00
2.630000000000008953e+01 -1.747668907548781458e+00
2.640000000000009095e+01 -1.746349096864219685e+00
2.650000000000009237e+01 -1.745149328467961780e+00
2.660000000000009379e+01 -1.744069115757455934e+00
2.670000000000009521e+01 -1.743107982310768023e+00
2.680000000000009663e+01 -1.742265461705254204e+00
2.690000000000009805e+01 -1.741541097340070010e+00
2.700000000000009948e+01 -1.740934442262439097e+00
2.710000000000010090e+01 -1.740445058997597938e+00
2.720000000000010232e+01 -1.740072519382304561e+00
2.730000000000010374e+01 -1.739816404401841154e+00
2.740000000000010516e+01 -1.739676304030425946e+00
2.750000000000010658e+01 -1.739651817074941320e+00
2.760000000000010800e+01 -1.739742551021911110e+00
2.770000000000010942e+01 -1.739948121887638033e+00
2.780000000000011084e+01 -1.740268154071444640e+00
2.790000000000011227e+01 -1.740702280211906761e+00
2.800000000000011369e+01 -1.741250141046057021e+00
2.810000000000011511e+01 -1.741911385271451840e+00
2.820000000000011653e+01 -1.742685669411047078e+00
2.830000000000011795e+01 -1.743572657680813709e+00
2.840000000000011937e+01 -1.744572021860040234e+00
2.850000000000012079e+01 -1.745683441164239458e+00
2.860000000000012221e+01 -1.746906602120616103e+00
2.870000000000012363e+01 -1.748241198446027544e+00
2.880000000000012506e+01 -1.749686930927382589e+00
2.890000000000012648e+01 -1.751243507304421909e+00
2.900000000000012790e+01 -1.752910642154824616e+00
2.910000000000012932e+01 -1.754688056781583683e+00
2.920000000000013074e+01 -1.756575479102614246e+00
2.930000000000013216e+01 -1.758572643542520852e+00
2.940000000000013358e+01 -1.760679290926491225e+00
2.950000000000013500e+01 -1.762895168376264365e+00
2.960000000000013642e+01 -1.765220029208124597e+00
2.970000000000013785e+01 -1.767653632832874466e+00
2.980000000000013927e+01 -1.770195744657748316e+00
2.990000000000014069e+01 -1.772846135990220340e+00
3.000000000000014211e+01 -1.775604583943649839e+00
3.010000000000014353e+01 -1.778470871344765225e+00
3.020000000000014495e+01 -1.781444786642885969e+00
3.030000000000014637e+01 -1.784526123820896037e+00
3.040000000000014779e+01 -1.787714682307906866e+00
3.050000000000014921e+01 -1.791010266893570568e+00
3.060000000000015064e+01 -1.794412687644015181e+00
3.070000000000015206e+01 -1.797921759819366194e+00
3.080000000000015348e+01 -1.801537303792816624e+00
3.090000000000015490e+01 -1.805259144971211649e+00
3.100000000000015632e+01 -1.809087113717117834e+00
3.110000000000015774e+01 -1.813021045272343645e+00
3.120000000000015916e+01 -1.817060779682878602e+00
3.130000000000016058e+01 -1.821206161725225314e+00
3.140000000000016200e+01 -1.825457040834085776e+00
3.150000000000016342e+01 -1.829813271031389021e+00
3.160000000000016485e+01 -1.834274710856604873e+00
3.170000000000016627e+01 -1.838841223298349092e+00
3.180000000000016769e+01 -1.843512675727230654e+00
3.190000000000016911e+01 -1.848288939829916266e+00
3.200000000000017053e+01 -1.853169891544393932e+00
3.210000000000017195e+01 -1.858155410996415569e+00
3.220000000000017337e+01 -1.863245382437071385e+00
3.230000000000017479e+01 -1.868439694181497357e+00
3.240000000000017621e+01 -1.873738238548684487e+00
3.250000000000017764e+01 -1.879140911802351210e+00
3.260000000000017906e+01 -1.884647614092886059e+00
3.270000000000018048e+01 -1.890258249400308843e+00
3.280000000000018190e+01 -1.895972725478258569e+00
3.290000000000018332e+01 -1.901790953798956352e+00
3.300000000000018474e+01 -1.907712849499150209e+00
3.310000000000018616e+01 -1.913738331327004660e+00
3.320000000000018758e+01 -1.919867321589928011e+00
3.330000000000018900e+01 -1.926099746103297594e+00
3.340000000000019043e+01 -1.932435534140103606e+00
3.350000000000019185e+01 -1.938874618381444925e+00
3.360000000000019327e+01 -1.945416934867898462e+00
3.370000000000019469e+01 -1.952062422951719833e+00
3.380000000000019611e+01 -1.958811025249882487e+00
3.390000000000019753e+01 -1.965662687597907521e+00
3.400000000000019895e+01 -1.972617359004498638e+00
3.410000000000020037e+01 -1.979674991606947820e+00
3.420000000000020179e+01 -1.986835540627307051e+00
3.430000000000020322e+01 -1.994098964329295898e+00
3.440000000000020464e+01 -2.001465223975951613e+00
3.450000000000020606e+01 -2.008934283787991770e+00
3.460000000000020748e+01 -2.016506110902878124e+00
3.470000000000020890e+01 -2.024180675334570356e+00
3.480000000000021032e+01 -2.031957949933961505e+00
3.490000000000021174e+01 -2.039837910349967753e+00
3.500000000000021316e+01 -2.047820534991271479e+00
3.510000000000021458e+01 -2.055905804988708230e+00
3.520000000000021600e+01 -2.064093704158264764e+00
3.530000000000021743e+01 -2.072384218964704594e+00
3.540000000000021885e+01 -2.080777338485788608e+00
3.550000000000022027e+01 -2.089273054377085437e+00
3.560000000000022169e+01 -2.097871360837357368e+00
3.570000000000022311e+01 -2.106572254574525349e+00
3.580000000000022453e+01 -2.115375734772179328e+00
3.590000000000022595e+01 -2.124281803056639273e+00
3.600000000000022737e+01 -2.133290463464553977e+00
3.610000000000022879e+01 -2.142401722411025222e+00
3.620000000000023022e+01 -2.151615588658246203e+00
3.630000000000023164e+01 -2.160932073284647092e+00
3.640000000000023306e+01 -2.170351189654544655e+00
3.650000000000023448e+01 -2.179872953388266588e+00
3.660000000000023590e+01 -2.189497382332766584e+00
3.670000000000023732e+01 -2.199224496532705242e+00
3.680000000000023874e+01 -2.209054318201985723e+00
3.690000000000024016e+01 -2.218986871695762808e+00
3.700000000000024158e+01 -2.229022183482868513e+00
3.710000000000024301e+01 -2.239160282118692447e+00
3.720000000000024443e+01 -2.249401198218488052e+00
3.730000000000024585e+01 -2.259744964431099845e+00
3.740000000000024727e+01 -2.270191615413094333e+00
3.750000000000024869e+01 -2.280741187803312808e+00
3.760000000000025011e+01 -2.291393720197801631e+00
3.770000000000025153e+01 -2.302149253125159944e+00
3.780000000000025295e+01 -2.313007829022242667e+00
3.790000000000025437e+01 -2.323969492210266274e+00
3.800000000000025580e+01 -2.335034288871258745e+00
3.810000000000025722e+01 -2.346202267024905641e+00
3.820000000000025864e+01 -2.357473476505717702e+00
3.830000000000026006e+01 -2.368847968940584359e+00
3.840000000000026148e+01 -2.380325797726636772e+00
3.850000000000026290e+01 -2.391907018009482133e+00
3.860000000000026432e+01 -2.403591686661746607e+00
3.870000000000026574e+01 -2.415379862261960220e+00
3.880000000000026716e+01 -2.427271605073750393e+00
3.890000000000026859e+01 -2.439266977025364991e+00
3.900000000000027001e+01 -2.451366041689490682e+00
3.910000000000027143e+01 -2.463568864263385283e+00
3.920000000000027285e+01 -2.475875511549307628e+00
3.930000000000027427e+01 -2.488286051935240550e+00
3.940000000000027569e+01 -2.500800555375898959e+00
3.950000000000027711e+01 -2.513419093374029245e+00
3.960000000000027853e+01 -2.526141738961988459e+00
3.970000000000027995e+01 -2.538968566683577954e+00
3.980000000000028137e+01 -2.551899652576181676e+00
3.990000000000028280e+01 -2.564935074153137595e+00
4.000000000000028422e+01 -2.578074910386383145e+00
4.010000000000028564e+01 -2.591319241689357789e+00
4.020000000000028706e+01 -2.604668149900156493e+00
4.030000000000028848e+01 -2.618121718264920794e+00
4.040000000000028990e+01 -2.631680031421492316e+00
4.050000000000029132e+01 -2.645343175383284340e+00
4.060000000000029274e+01 -2.659111237523405613e+00
4.070000000000029416e+01 -2.672984306559006207e+00
4.080000000000029559e+01 -2.686962472535845858e+00
4.090000000000029701e+01 -2.701045826813103012e+00
4.100000000000029843e+01 -2.715234462048387254e+00
4.110000000000029985e+01 -2.729528472182975563e+00
4.120000000000030127e+01 -2.743927952427258621e+00
4.130000000000030269e+01 -2.758432999246394068e+00
4.140000000000030411e+01 -2.773043710346174251e+00
4.150000000000030553e+01 -2.787760184659087148e+00
4.160000000000030695e+01 -2.802582522330574477e+00
4.170000000000030838e+01 -2.817510824705497186e+00
4.180000000000030980e+01 -2.832545194314783910e+00
4.190000000000031122e+01 -2.847685734862266393e+00
4.200000000000031264e+01 -2.862932551211712973e+00
4.210000000000031406e+01 -2.878285749374032587e+00
4.220000000000031548e+01 -2.893745436494666201e+00
4.230000000000031690e+01 -2.909311720841151860e+00
4.240000000000031832e+01 -2.924984711790870051e+00
4.250000000000031974e+01 -2.940764519818952927e+00
4.260000000000032117e+01 -2.956651256486365398e+00
4.270000000000032259e+01 -2.972645034428155419e+00
4.280000000000032401e+01 -2.988745967341868592e+00
4.290000000000032543e+01 -3.004954169976107092e+00
4.300000000000032685e+01 -3.021269758119280002e+00
4.310000000000032827e+01 -3.037692848588473105e+00
4.320000000000032969e+01 -3.054223559218496753e+00
4.330000000000033111e+01 -3.070862008851073632e+00
4.340000000000033253e+01 -3.087608317324180618e+00
4.350000000000033396e+01 -3.104462605461532299e+00
4.360000000000033538e+01 -3.121424995062208829e+00
4.370000000000033680e+01 -3.138495608890432109e+00
4.380000000000033822e+01 -3.155674570665472523e+00
4.390000000000033964e+01 -3.172962005051692902e+00
4.400000000000034106e+01 -3.190358037648740819e+00
4.410000000000034248e+01 -3.207862794981857224e+00
4.420000000000034390e+01 -3.225476404492325866e+00
4.430000000000034532e+01 -3.243198994528047940e+00
4.440000000000034674e+01 -3.261030694334245528e+00
4.450000000000034817e+01 -3.278971634044291594e+00
4.460000000000034959e+01 -3.297021944670657234e+00
4.470000000000035101e+01 -3.315181758095983700e+00
4.480000000000035243e+01 -3.333451207064276112e+00
4.490000000000035385e+01 -3.351830425172213079e+00
4.500000000000035527e+01 -3.370319546860568671e+00
4.510000000000035669e+01 -3.388918707405751629e+00
4.520000000000035811e+01 -3.407628042911455157e+00
4.530000000000035953e+01 -3.426447690300423066e+00
4.540000000000036096e+01 -3.445377787306315831e+00
4.550000000000036238e+01 -3.464418472465685017e+00
4.560000000000036380e+01 -3.483569885110063602e+00
4.570000000000036522e+01 -3.502832165358150895e+00
4.580000000000036664e+01 -3.522205454108095601e+00
4.590000000000036806e+01 -3.541689893029897007e+00
4.600000000000036948e+01 -3.561285624557886997e+00
4.610000000000037090e+01 -3.580992791883321757e+00
4.620000000000037232e+01 -3.600811538947063184e+00
4.630000000000037375e+01 -3.620742010432359326e+00
4.640000000000037517e+01 -3.640784351757721637e+00
4.650000000000037659e+01 -3.660938709069883501e+00
4.660000000000037801e+01 -3.681205229236862220e+00
4.670000000000037943e+01 -3.701584059841101837e+00
4.680000000000038085e+01 -3.722075349172708325e+00
4.690000000000038227e+01 -3.742679246222771372e+00
4.700000000000038369e+01 -3.763395900676769656e+00
4.710000000000038511e+01 -3.784225462908064053e+00
4.720000000000038654e+01 -3.805168083971471216e+00
4.730000000000038796e+01 -3.826223915596921099e+00
4.740000000000038938e+01 -3.847393110183190856e+00
4.750000000000039080e+01 -3.868675820791729336e+00
4.760000000000039222e+01 -3.890072201140541086e+00
4.770000000000039364e+01 -3.911582405598173828e+00
4.780000000000039506e+01 -3.933206589177758339e+00
4.790000000000039648e+01 -3.954944907531130482e+00
4.800000000000039790e+01 -3.976797516943040733e+00
4.810000000000039933e+01 -3.998764574325414767e+00
4.820000000000040075e+01 -4.020846237211704199e+00
4.830000000000040217e+01 -4.043042663751299060e+00
4.840000000000040359e+01 -4.065354012704006870e+00
4.850000000000040501e+01 -4.087780443434619215e+00
4.860000000000040643e+01 -4.110322115907521834e+00
4.870000000000040785e+01 -4.132979190681383308e+00
4.880000000000040927e+01 -4.155751828903920142e+00
4.890000000000041069e+01 -4.178640192306706247e+00
4.900000000000041211e+01 -4.201644443200063250e+00
4.910000000000041354e+01 -4.224764744468001432e+00
4.920000000000041496e+01 -4.248001259563239707e+00
4.930000000000041638e+01 -4.271354152502267354e+00
4.940000000000041780e+01 -4.294823587860479464e+00
4.950000000000041922e+01 -4.318409730767380772e+00
4.960000000000042064e+01 -4.342112746901813480e+00
4.970000000000042206e+01 -4.365932802487286324e+00
4.980000000000042348e+01 -4.389870064287335616e+00
4.990000000000042490e+01 -4.413924699600946688e+00
5.000000000000042633e+01 -4.438096876258040169e+00
5.010000000000042775e+01 -4.462386762614999114e+00
5.020000000000042917e+01 -4.486794527550256539e+00
5.030000000000043059e+01 -4.511320340459953115e+00
5.040000000000043201e+01 -4.535964371253613514e+00
5.050000000000043343e+01 -4.560726790349908910e+00
5.060000000000043485e+01 -4.585607768672448792e+00
5.070000000000043627e+01 -4.610607477645630503e+00
5.080000000000043769e+01 -4.635726089190543853e+00
5.090000000000043912e+01 -4.660963775720917468e+00
5.100000000000044054e+01 -4.686320710139117551e+00
5.110000000000044196e+01 -4.711797065832198150e+00
5.120000000000044338e+01 -4.737393016667982515e+00
5.130000000000044480e+01 -4.763108736991219949e+00
5.140000000000044622e+01 -4.788944401619762203e+00
5.150000000000044764e+01 -4.814900185840796709e+00
5.160000000000044906e+01 -4.840976265407129553e+00
5.170000000000045048e+01 -4.867172816533495983e+00
5.180000000000045191e+01 -4.893490015892936640e+00
5.190000000000045333e+01 -4.919928040613203990e+00
5.200000000000045475e+01 -4.946487068273204279e+00
5.210000000000045617e+01 -4.973167276899501665e+00
5.220000000000045759e+01 -4.999968844962847214e+00
5.230000000000045901e+01 -5.026891951374754974e+00
5.240000000000046043e+01 -5.053936775484123345e+00
5.250000000000046185e+01 -5.081103497073883091e+00
5.260000000000046327e+01 -5.108392296357689766e+00
5.270000000000046469e+01 -5.135803353976672980e+00
5.280000000000046612e+01 -5.163336850996193661e+00
5.290000000000046754e+01 -5.190992968902656379e+00
5.300000000000046896e+01 -5.218771889600369640e+00
5.310000000000047038e+01 -5.246673795408417718e+00
5.320000000000047180e+01 -5.274698869057575124e+00
5.330000000000047322e+01 -5.302847293687284136e+00
5.340000000000047464e+01 -5.331119252842630551e+00
5.350000000000047606e+01 -5.359514930471376282e+00
5.360000000000047748e+01 -5.388034510921017706e+00
5.370000000000047891e+01 -5.416678178935887544e+00
5.380000000000048033e+01 -5.445446119654280714e+00
5.390000000000048175e+01 -5.474338518605613046e+00
5.400000000000048317e+01 -5.503355561707623522e+00
5.410000000000048459e+01 -5.532497435263602270e+00
5.420000000000048601e+01 -5.561764325959636324e+00
5.430000000000048743e+01 -5.591156420861928211e+00
5.440000000000048885e+01 -5.620673907414090564e+00
5.450000000000049027e+01 -5.650316973434514445e+00
5.460000000000049170e+01 -5.680085807113748331e+00
5.470000000000049312e+01 -5.709980597011917958e+00
5.480000000000049454e+01 -5.740001532056165701e+00
5.490000000000049596e+01 -5.770148801538118377e+00
5.500000000000049738e+01 -5.800422595111396795e+00
5.510000000000049880e+01 -5.830823102789135959e+00
5.520000000000050022e+01 -5.861350514941564782e+00
5.530000000000050164e+01 -5.892005022293564487e+00
5.540000000000050306e+01 -5.922786815922298942e+00
5.550000000000050449e+01 -5.953696087254846780e+00
5.560000000000050591e+01 -5.984733028065889471e+00
5.570000000000050733e+01 -6.015897830475373631e+00
5.580000000000050875e+01 -6.047190686946257721e+00
5.590000000000051017e+01 -6.078611790282239191e+00
5.600000000000051159e+01 -6.110161333625542923e+00
5.610000000000051301e+01 -6.141839510454707884e+00
5.620000000000051443e+01 -6.173646514582407541e+00
5.630000000000051585e+01 -6.205582540153306681e+00
5.640000000000051728e+01 -6.237647781641912026e+00
5.650000000000051870e+01 -6.269842433850496555e+00
5.660000000000052012e+01 -6.302166691906986529e+00
5.670000000000052154e+01 -6.334620751262923122e+00
5.680000000000052296e+01 -6.367204807691421387e+00
5.690000000000052438e+01 -6.399919057285160306e+00
5.700000000000052580e+01 -6.432763696454383506e+00
5.710000000000052722e+01 -6.465738921924947924e+00
5.720000000000052864e+01 -6.498844930736361825e+00
5.730000000000053006e+01 -6.532081920239875217e+00
5.740000000000053149e+01 -6.565450088096567605e+00
5.750000000000053291e+01 -6.598949632275464161e+00
5.760000000000053433e+01 -6.632580751051696311e+00
5.770000000000053575e+01 -6.666343643004640995e+00
5.780000000000053717e+01 -6.700238507016108791e+00
5.790000000000053859e+01 -6.734265542268545346e+00
5.800000000000054001e+01 -6.768424948243257688e+00
5.810000000000054143e+01 -6.802716924718650304e+00
5.820000000000054285e+01 -6.837141671768488749e+00
5.830000000000054428e+01 -6.871699389760173915e+00
5.840000000000054570e+01 -6.906390279353057160e+00
5.850000000000054712e+01 -6.941214541496727897e+00
5.860000000000054854e+01 -6.976172377429395333e+00
5.870000000000054996e+01 -7.011263988676200043e+00
5.880000000000055138e+01 -7.046489577047608144e+00
5.890000000000055280e+01 -7.081849344637809907e+00
5.900000000000055422e+01 -7.117343493823105938e+00
5.910000000000055564e+01 -7.152972227260362637e+00
5.920000000000055707e+01 -7.188735747885429461e+00
5.930000000000055849e+01 -7.224634258911621032e+00
5.940000000000055991e+01 -7.260667963828178806e+00
5.950000000000056133e+01 -7.296837066398782490e+00
5.960000000000056275e+01 -7.333141770660043690e+00
5.970000000000056417e+01 -7.369582280920053741e+00
5.980000000000056559e+01 -7.406158801756915544e+00
5.990000000000056701e+01 -7.442871538017297617e+00
6.000000000000056843e+01 -7.479720694815028992e+00
6.010000000000056986e+01 -7.516706477529681685e+00
6.020000000000057128e+01 -7.553829091805174478e+00
6.030000000000057270e+01 -7.591088743548397133e+00
6.040000000000057412e+01 -7.628485638927845258e+00
6.050000000000057554e+01 -7.666019984372291596e+00
6.060000000000057696e+01 -7.703691986569427108e+00
6.070000000000057838e+01 -7.741501852464561573e+00
6.080000000000057980e+01 -7.779449789259306414e+00
6.090000000000058122e+01 -7.817536004410309047e+00
6.100000000000058265e+01 -7.855760705627932161e+00
6.110000000000058407e+01 -7.894124100875061778e+00
6.120000000000058549e+01 -7.932626398365781206e+00
6.130000000000058691e+01 -7.971267806564211966e+00
6.140000000000058833e+01 -8.010048534183232150e+00
6.150000000000058975e+01 -8.048968790183307576e+00
6.160000000000059117e+01 -8.088028783771285646e+00
6.170000000000059259e+01 -8.127228724399218507e+00
6.180000000000059401e+01 -8.166568821763192432e+00
6.190000000000059543e+01 -8.206049285802162530e+00
6.200000000000059686e+01 -8.245670326696840746e+00
6.210000000000059828e+01 -8.285432154868535903e+00
6.220000000000059970e+01 -8.325334980978050581e+00
6.230000000000060112e+01 -8.365379015924567341e+00
6.240000000000060254e+01 -8.405564470844572256e+00
6.250000000000060396e+01 -8.445891557110762449e+00
6.260000000000060538e+01 -8.486360486330967845e+00
6.270000000000060680e+01 -8.526971470347115556e+00
6.280000000000060822e+01 -8.567724721234162288e+00
6.290000000000060965e+01 -8.608620451299074716e+00
6.300000000000061107e+01 -8.649658873079802746e+00
6.310000000000061249e+01 -8.690840199344258110e+00
6.320000000000061391e+01 -8.732164643089330269e+00
6.330000000000061533e+01 -8.773632417539886319e+00
6.340000000000061675e+01 -8.815243736147786890e+00
6.350000000000061817e+01 -8.856998812590935799e+00
6.360000000000061959e+01 -8.898897860772285284e+00
6.370000000000062101e+01 -8.940941094818949608e+00
6.380000000000062244e+01 -8.983128729081201413e+00
6.390000000000062386e+01 -9.025460978131592427e+00
6.400000000000062528e+01 -9.067938056764004884e+00
6.410000000000061959e+01 -9.110560179992777563e+00
6.420000000000062812e+01 -9.153327563051789184e+00
6.430000000000063665e+01 -9.196240421393561348e+00
6.440000000000063096e+01 -9.239298970688397006e+00
6.450000000000062528e+01 -9.282503426823522474e+00
6.460000000000063380e+01 -9.325854005902217025e+00
6.470000000000064233e+01 -9.369350924242954903e+00
6.480000000000063665e+01 -9.412994398378570438e+00
6.490000000000063096e+01 -9.456784645055446248e+00
6.500000000000063949e+01 -9.500721881232689014e+00
6.510000000000064801e+01 -9.544806324081289262e+00
6.520000000000064233e+01 -9.589038190983336207e+00
6.530000000000063665e+01 -9.633417699531245049e+00
6.540000000000064517e+01 -9.677945067526950496e+00
6.550000000000065370e+01 -9.722620512981109187e+00
6.560000000000064801e+01 -9.767444254112366053e+00
6.570000000000064233e+01 -9.812416509346592264e+00
6.580000000000065086e+01 -9.857537497316124941e+00
6.590000000000065938e+01 -9.902807436859008661e+00
6.600000000000065370e+01 -9.948226547018283128e+00
6.610000000000064801e+01 -9.993795047041254875e+00
6.620000000000065654e+01 -1.003951315637877784e+01
6.630000000000066507e+01 -1.008538109468452149e+01
6.640000000000065938e+01 -1.013139908181430293e+01
6.650000000000065370e+01 -1.017756733782536926e+01
6.660000000000066223e+01 -1.022388608297570833e+01
6.670000000000067075e+01 -1.027035553772339860e+01
6.680000000000066507e+01 -1.031697592272587904e+01
6.690000000000065938e+01 -1.036374745883935233e+01
6.700000000000066791e+01 -1.041067036711810445e+01
6.710000000000067644e+01 -1.045774486881381726e+01
6.720000000000067075e+01 -1.050497118537496455e+01
6.730000000000066507e+01 -1.055234953844619028e+01
6.740000000000067359e+01 -1.059988014986764426e+01
6.750000000000068212e+01 -1.064756324167436574e+01
6.760000000000067644e+01 -1.069539903609568832e+01
6.770000000000067075e+01 -1.074338775555463954e+01
6.780000000000067928e+01 -1.079152962266730498e+01
6.790000000000068781e+01 -1.083982486024226688e+01
6.800000000000068212e+01 -1.088827369127999134e+01
6.810000000000067644e+01 -1.093687633897227407e+01
6.820000000000068496e+01 -1.098563302670167019e+01
6.830000000000069349e+01 -1.103454397804087606e+01
6.840000000000068781e+01 -1.108360941675222655e+01
6.850000000000068212e+01 -1.113282956678712132e+01
6.860000000000069065e+01 -1.118220465228547233e+01
6.870000000000069917e+01 -1.123173489757515675e+01
6.880000000000069349e+01 -1.128142052717148935e+01
6.890000000000068781e+01 -1.133126176577669497e+01
6.900000000000069633e+01 -1.138125883827939688e+01
6.910000000000070486e+01 -1.143141196975406082e+01
6.920000000000069917e+01 -1.148172138546052068e+01
6.930000000000069349e+01 -1.153218731084346338e+01
6.940000000000070202e+01 -1.158280997153192438e+01
6.950000000000071054e+01 -1.163358959333879206e+01
6.960000000000070486e+01 -1.168452640226031392e+01
6.970000000000069917e+01 -1.173562062447565069e+01
6.980000000000070770e+01 -1.178687248634635409e+01
6.990000000000071623e+01 -1.183828221441590678e+01
7.000000000000071054e+01 -1.188985003540927288e+01
7.010000000000070486e+01 -1.194157617623242373e+01
7.020000000000071338e+01 -1.199346086397189914e+01
7.030000000000072191e+01 -1.204550432589433306e+01
7.040000000000071623e+01 -1.209770678944601130e+01
7.050000000000071054e+01 -1.215006848225247538e+01
7.060000000000071907e+01 -1.220258963211802872e+01
7.070000000000072760e+01 -1.225527046702534406e+01
7.080000000000072191e+01 -1.230811121513502471e+01
7.090000000000071623e+01 -1.236111210478520128e+01
7.100000000000072475e+01 -1.241427336449111429e+01
7.110000000000073328e+01 -1.246759522294468248e+01
7.120000000000072760e+01 -1.252107790901411022e+01
7.130000000000072191e+01 -1.257472165174352696e+01
7.140000000000073044e+01 -1.262852668035254844e+01
7.150000000000073896e+01 -1.268249322423588232e+01
7.160000000000073328e+01 -1.273662151296297118e+01
7.170000000000072760e+01 -1.279091177627760345e+01
7.180000000000073612e+01 -1.284536424409755995e+01
7.190000000000074465e+01 -1.289997914651417688e+01
7.200000000000073896e+01 -1.295475671379204030e+01
7.210000000000073328e+01 -1.300969717636862022e+01
7.220000000000074181e+01 -1.306480076485389930e+01
7.230000000000075033e+01 -1.312006771003000161e+01
7.240000000000074465e+01 -1.317549824285086935e+01
7.250000000000073896e+01 -1.323109259444191999e+01
7.260000000000074749e+01 -1.328685099609970699e+01
7.270000000000075602e+01 -1.334277367929156810e+01
7.280000000000075033e+01 -1.339886087565527717e+01
7.290000000000074465e+01 -1.345511281699878303e+01
7.300000000000075318e+01 -1.351152973529982049e+01
7.310000000000076170e+01 -1.356811186270564029e+01
7.320000000000075602e+01 -1.362485943153263079e+01
7.330000000000075033e+01 -1.368177267426608701e+01
7.340000000000075886e+01 -1.373885182355985179e+01
7.350000000000076739e+01 -1.379609711223601032e+01
7.360000000000076170e+01 -1.385350877328462005e+01
7.370000000000075602e+01 -1.391108703986339812e+01
7.380000000000076454e+01 -1.396883214529743178e+01
7.390000000000077307e+01 -1.402674432307890307e+01
7.400000000000076739e+01 -1.408482380686676727e+01
7.410000000000076170e+01 -1.414307083048653624e+01
7.420000000000077023e+01 -1.420148562792994618e+01
7.430000000000077875e+01 -1.426006843335471430e+01
7.440000000000077307e+01 -1.431881948108424396e+01
7.450000000000076739e+01 -1.437773900560739371e+01
7.460000000000077591e+01 -1.443682724157819663e+01
7.470000000000078444e+01 -1.449608442381561169e+01
7.480000000000077875e+01 -1.455551078730323944e+01
7.490000000000077307e+01 -1.461510656718911427e+01
7.500000000000078160e+01 -1.467487199878543258e+01
7.510000000000079012e+01 -1.473480731756830409e+01
7.520000000000078444e+01 -1.479491275917751736e+01
7.530000000000077875e+01 -1.485518855941632310e+01
7.540000000000078728e+01 -1.491563495425116415e+01
7.550000000000079581e+01 -1.497625217981147294e+01
7.560000000000079012e+01 -1.503704047238940866e+01
7.570000000000078444e+01 -1.509800006843968667e+01
7.580000000000079297e+01 -1.515913120457932983e+01
7.590000000000080149e+01 -1.522043411758742693e+01
7.600000000000079581e+01 -1.528190904440493370e+01
7.610000000000079012e+01 -1.534355622213449877e+01
7.620000000000079865e+01 -1.540537588804020963e+01
7.630000000000080718e+01 -1.546736827954740434e+01
7.640000000000080149e+01 -1.552953363424244415e+01
7.650000000000079581e+01 -1.559187218987256962e+01
7.660000000000080433e+01 -1.565438418434567325e+01
7.670000000000081286e+01 -1.571706985573007920e+01
7.680000000000080718e+01 -1.577992944225437988e+01
7.690000000000080149e+01 -1.584296318230726008e+01
7.700000000000081002e+01 -1.590617131443731758e+01
7.710000000000081855e+01 -1.596955407735283750e+01
7.720000000000081286e+01 -1.603311170992162715e+01
7.730000000000080718e+01 -1.609684445117088458e+01
7.740000000000081570e+01 -1.616075254028699959e+01
7.750000000000082423e+01 -1.622483621661534769e+01
7.760000000000081855e+01 -1.628909571966015335e+01
7.770000000000081286e+01 -1.635353128908434428e+01
7.780000000000082139e+01 -1.641814316470938806e+01
7.790000000000082991e+01 -1.648293158651506118e+01
7.800000000000082423e+01 -1.654789679463937802e+01
7.810000000000081855e+01 -1.661303902937840249e+01
7.820000000000082707e+01 -1.667835853118611311e+01
7.830000000000083560e+01 -1.674385554067420756e+01
7.840000000000082991e+01 -1.680953029861199965e+01
7.850000000000082423e+01 -1.687538304592628080e+01
7.860000000000083276e+01 -1.694141402370115301e+01
7.870000000000084128e+01 -1.700762347317790457e+01
7.880000000000083560e+01 -1.707401163575483949e+01
7.890000000000082991e+01 -1.714057875298722067e+01
7.900000000000083844e+01 -1.720732506658707095e+01
7.910000000000084697e+01 -1.727425081842305232e+01
7.920000000000084128e+01 -1.734135625052035934e+01
7.930000000000083560e+01 -1.740864160506059832e+01
7.940000000000084412e+01 -1.747610712438166658e+01
7.950000000000085265e+01 -1.754375305097758542e+01
7.960000000000084697e+01 -1.761157962749845041e+01
7.970000000000084128e+01 -1.767958709675027862e+01
7.980000000000084981e+01 -1.774777570169490915e+01
7.990000000000085834e+01 -1.781614568544987165e+01
