2.000000000000000000e+01 1.535422166005184108e+00
2.010000000000000142e+01 1.545912382506111848e+00
2.020000000000000284e+01 1.556219360861387457e+00
2.030000000000000426e+01 1.566344869113512006e+00
2.040000000000000568e+01 1.576290638700270197e+00
2.050000000000000711e+01 1.586058365284383376e+00
2.060000000000000853e+01 1.595649709561004714e+00
2.070000000000000995e+01 1.605066298043673179e+00
2.080000000000001137e+01 1.614309723829430387e+00
2.090000000000001279e+01 1.623381547343693443e+00
2.100000000000001421e+01 1.632283297065542316e+00
2.110000000000001563e+01 1.641016470233967794e+00
2.120000000000001705e+01 1.649582533535683293e+00
2.130000000000001847e+01 1.657982923775041417e+00
2.140000000000001990e+01 1.666219048526583979e+00
2.150000000000002132e+01 1.674292286770757254e+00
2.160000000000002274e+01 1.682203989513267661e+00
2.170000000000002416e+01 1.689955480388590559e+00
2.180000000000002558e+01 1.697548056248057158e+00
2.190000000000002700e+01 1.704982987733025368e+00
2.200000000000002842e+01 1.712261519833514711e+00
2.210000000000002984e+01 1.719384872432760503e+00
2.220000000000003126e+01 1.726354240838085863e+00
2.230000000000003268e+01 1.733170796298492577e+00
2.240000000000003411e+01 1.739835686509337842e+00
2.250000000000003553e+01 1.746350036104481473e+00
2.260000000000003695e+01 1.752714947136249313e+00
2.270000000000003837e+01 1.758931499543576749e+00
2.280000000000003979e+01 1.765000751608638119e+00
2.290000000000004121e+01 1.770923740402324142e+00
2.300000000000004263e+01 1.776701482218837613e+00
2.310000000000004405e+01 1.782334972999762401e+00
2.320000000000004547e+01 1.787825188747842908e+00
2.330000000000004690e+01 1.793173085930818589e+00
2.340000000000004832e+01 1.798379601875535139e+00
2.350000000000004974e+01 1.803445655152646099e+00
2.360000000000005116e+01 1.808372145952128918e+00
2.370000000000005258e+01 1.813159956449890142e+00
2.380000000000005400e+01 1.817809951165691329e+00
2.390000000000005542e+01 1.822322977312640369e+00
2.400000000000005684e+01 1.826699865138462719e+00
2.410000000000005826e+01 1.830941428258791248e+00
2.420000000000005969e+01 1.835048463982687839e+00
2.430000000000006111e+01 1.839021753630581291e+00
2.440000000000006253e+01 1.842862062844864202e+00
2.450000000000006395e+01 1.846570141893310035e+00
2.460000000000006537e+01 1.850146725965517547e+00
2.470000000000006679e+01 1.853592535462563085e+00
2.480000000000006821e+01 1.856908276280046177e+00
2.490000000000006963e+01 1.860094640084685613e+00
2.500000000000007105e+01 1.863152304584651864e+00
2.510000000000007248e+01 1.866081933793798830e+00
2.520000000000007390e+01 1.868884178289936360e+00
2.530000000000007532e+01 1.871559675467316941e+00
2.540000000000007674e+01 1.874109049783477587e+00
2.550000000000007816e+01 1.876532913000581226e+00
2.560000000000007958e+01 1.878831864421402598e+00
2.570000000000008100e+01 1.881006491120093438e+00
2.580000000000008242e+01 1.883057368167861290e+00
2.590000000000008384e+01 1.884985058853688500e+00
2.600000000000008527e+01 1.886790114900217752e+00
2.610000000000008669e+01 1.888473076674933360e+00
2.620000000000008811e+01 1.890034473396738024e+00
2.630000000000008953e+01 1.891474823338068711e+00
2.640000000000009095e+01 1.892794634022630262e+00
2.650000000000009237e+01 1.893994402418888390e+00
2.660000000000009379e+01 1.895074615129394013e+00
2.670000000000009521e+01 1.896035748576082147e+00
2.680000000000009663e+01 1.896878269181595966e+00
2.690000000000009805e+01 1.897602633546780160e+00
2.700000000000009948e+01 1.898209288624411073e+00
2.710000000000010090e+01 1.898698671889252232e+00
2.720000000000010232e+01 1.899071211504545609e+00
2.730000000000010374e+01 1.899327326485009015e+00
2.740000000000010516e+01 1.899467426856424224e+00
2.750000000000010658e+01 1.899491913811908850e+00
2.760000000000010800e+01 1.899401179864939060e+00
2.770000000000010942e+01 1.899195608999212137e+00
2.780000000000011084e+01 1.898875576815405530e+00
2.790000000000011227e+01 1.898441450674943187e+00
2.800000000000011369e+01 1.897893589840793149e+00
2.810000000000011511e+01 1.897232345615398330e+00
2.820000000000011653e+01 1.896458061475803092e+00
2.830000000000011795e+01 1.895571073206036461e+00
2.840000000000011937e+01 1.894571709026809936e+00
2.850000000000012079e+01 1.893460289722610712e+00
2.860000000000012221e+01 1.892237128766234067e+00
2.870000000000012363e+01 1.890902532440822625e+00
2.880000000000012506e+01 1.889456799959467581e+00
2.890000000000012648e+01 1.887900223582428261e+00
2.900000000000012790e+01 1.886233088732025553e+00
2.910000000000012932e+01 1.884455674105266487e+00
2.920000000000013074e+01 1.882568251784235924e+00
2.930000000000013216e+01 1.880571087344329095e+00
2.940000000000013358e+01 1.878464439960358945e+00
2.950000000000013500e+01 1.876248562510585804e+00
2.960000000000013642e+01 1.873923701678725351e+00
2.970000000000013785e+01 1.871490098053975704e+00
2.980000000000013927e+01 1.868947986229101854e+00
2.990000000000014069e+01 1.866297594896629830e+00
3.000000000000014211e+01 1.863539146943200109e+00
3.010000000000014353e+01 1.860672859542084723e+00
3.020000000000014495e+01 1.857698944243964201e+00
3.030000000000014637e+01 1.854617607065954132e+00
3.040000000000014779e+01 1.851429048578943304e+00
3.050000000000014921e+01 1.848133463993279602e+00
3.060000000000015064e+01 1.844731043242834989e+00
3.070000000000015206e+01 1.841221971067483754e+00
3.080000000000015348e+01 1.837606427094033545e+00
3.090000000000015490e+01 1.833884585915638521e+00
3.100000000000015632e+01 1.830056617169732336e+00
3.110000000000015774e+01 1.826122685614506524e+00
3.120000000000015916e+01 1.822082951203971568e+00
3.130000000000016058e+01 1.817937569161624856e+00
3.140000000000016200e+01 1.813686690052764172e+00
3.150000000000016342e+01 1.809330459855461148e+00
3.160000000000016485e+01 1.804869020030245297e+00
3.170000000000016627e+01 1.800302507588501078e+00
3.180000000000016769e+01 1.795631055159619516e+00
3.190000000000016911e+01 1.790854791056933903e+00
3.200000000000017053e+01 1.785973839342456237e+00
3.210000000000017195e+01 1.780988319890434601e+00
3.220000000000017337e+01 1.775898348449778785e+00
3.230000000000017479e+01 1.770704036705352813e+00
3.240000000000017621e+01 1.765405492338165461e+00
3.250000000000017764e+01 1.760002819084498960e+00
3.260000000000017906e+01 1.754496116793964111e+00
3.270000000000018048e+01 1.748885481486541327e+00
3.280000000000018190e+01 1.743171005408591601e+00
3.290000000000018332e+01 1.737352777087893818e+00
3.300000000000018474e+01 1.731430881387699960e+00
3.310000000000018616e+01 1.725405399559845510e+00
3.320000000000018758e+01 1.719276409296922159e+00
3.330000000000018900e+01 1.713043984783552576e+00
3.340000000000019043e+01 1.706708196746746564e+00
3.350000000000019185e+01 1.700269112505405245e+00
3.360000000000019327e+01 1.693726796018951708e+00
3.370000000000019469e+01 1.687081307935130337e+00
3.380000000000019611e+01 1.680332705636967683e+00
3.390000000000019753e+01 1.673481043288942649e+00
3.400000000000019895e+01 1.666526371882351532e+00
3.410000000000020037e+01 1.659468739279902350e+00
3.420000000000020179e+01 1.652308190259543119e+00
3.430000000000020322e+01 1.645044766557554272e+00
3.440000000000020464e+01 1.637678506910898557e+00
3.450000000000020606e+01 1.630209447098858622e+00
3.460000000000020748e+01 1.622637619983971824e+00
3.470000000000020890e+01 1.614963055552279814e+00
3.480000000000021032e+01 1.607185780952888665e+00
3.490000000000021174e+01 1.599305820536882639e+00
3.500000000000021316e+01 1.591323195895578690e+00
3.510000000000021458e+01 1.583237925898141718e+00
3.520000000000021600e+01 1.575050026728585184e+00
3.530000000000021743e+01 1.566759511922145576e+00
3.540000000000021885e+01 1.558366392401061340e+00
3.550000000000022027e+01 1.549870676509764733e+00
3.560000000000022169e+01 1.541272370049492801e+00
3.570000000000022311e+01 1.532571476312324821e+00
3.580000000000022453e+01 1.523767996114670842e+00
3.590000000000022595e+01 1.514861927830211119e+00
3.600000000000022737e+01 1.505853267422296193e+00
3.610000000000022879e+01 1.496742008475824948e+00
3.620000000000023022e+01 1.487528142228603967e+00
3.630000000000023164e+01 1.478211657602203077e+00
3.640000000000023306e+01 1.468792541232305737e+00
3.650000000000023448e+01 1.459270777498583360e+00
3.660000000000023590e+01 1.449646348554083808e+00
3.670000000000023732e+01 1.439919234354145150e+00
3.680000000000023874e+01 1.430089412684864447e+00
3.690000000000024016e+01 1.420156859191087362e+00
3.700000000000024158e+01 1.410121547403981657e+00
3.710000000000024301e+01 1.399983448768157723e+00
3.720000000000024443e+01 1.389742532668362118e+00
3.730000000000024585e+01 1.379398766455750325e+00
3.740000000000024727e+01 1.368952115473755615e+00
3.750000000000024869e+01 1.358402543083537584e+00
3.760000000000025011e+01 1.347750010689048317e+00
3.770000000000025153e+01 1.336994477761690225e+00
3.780000000000025295e+01 1.326135901864607503e+00
3.790000000000025437e+01 1.315174238676583895e+00
3.800000000000025580e+01 1.304109442015591425e+00
3.810000000000025722e+01 1.292941463861944751e+00
3.820000000000025864e+01 1.281670254381132468e+00
3.830000000000026006e+01 1.270295761946265811e+00
3.840000000000026148e+01 1.258817933160213398e+00
3.850000000000026290e+01 1.247236712877368259e+00
3.860000000000026432e+01 1.235552044225103563e+00
3.870000000000026574e+01 1.223763868624889950e+00
3.880000000000026716e+01 1.211872125813099998e+00
3.890000000000026859e+01 1.199876753861485179e+00
3.900000000000027001e+01 1.187777689197359265e+00
3.910000000000027143e+01 1.175574866623464887e+00
3.920000000000027285e+01 1.163268219337542542e+00
3.930000000000027427e+01 1.150857678951609397e+00
3.940000000000027569e+01 1.138343175510951211e+00
3.950000000000027711e+01 1.125724637512820925e+00
3.960000000000027853e+01 1.113001991924861711e+00
3.970000000000027995e+01 1.100175164203272216e+00
3.980000000000028137e+01 1.087244078310668494e+00
3.990000000000028280e+01 1.074208656733712575e+00
4.000000000000028422e+01 1.061068820500467025e+00
4.010000000000028564e+01 1.047824489197492159e+00
4.020000000000028706e+01 1.034475580986693677e+00
4.030000000000028848e+01 1.021022012621929154e+00
4.040000000000028990e+01 1.007463699465357854e+00
4.050000000000029132e+01 9.938005555035658301e-01
4.060000000000029274e+01 9.800324933634445568e-01
4.070000000000029416e+01 9.661594243278439631e-01
4.080000000000029559e+01 9.521812583510040895e-01
4.090000000000029701e+01 9.380979040737472685e-01
4.100000000000029843e+01 9.239092688384629160e-01
4.110000000000029985e+01 9.096152587038743853e-01
4.120000000000030127e+01 8.952157784595914380e-01
4.130000000000030269e+01 8.807107316404563235e-01
4.140000000000030411e+01 8.661000205406756969e-01
4.150000000000030553e+01 8.513835462277627997e-01
4.160000000000030695e+01 8.365612085562758038e-01
4.170000000000030838e+01 8.216329061813532064e-01
4.180000000000030980e+01 8.065985365720663713e-01
4.190000000000031122e+01 7.914579960245837764e-01
4.200000000000031264e+01 7.762111796751373083e-01
4.210000000000031406e+01 7.608579815128174717e-01
4.220000000000031548e+01 7.453982943921839688e-01
4.230000000000031690e+01 7.298320100456985315e-01
4.240000000000031832e+01 7.141590190959802298e-01
4.250000000000031974e+01 6.983792110678971321e-01
4.260000000000032117e+01 6.824924744004845500e-01
4.270000000000032259e+01 6.664986964586945284e-01
4.280000000000032401e+01 6.503977635449815775e-01
4.290000000000032543e+01 6.341895609107432996e-01
4.300000000000032685e+01 6.178739727675701676e-01
4.310000000000032827e+01 6.014508822983770653e-01
4.320000000000032969e+01 5.849201716683533059e-01
4.330000000000033111e+01 5.682817220357763155e-01
4.340000000000033253e+01 5.515354135626694410e-01
4.350000000000033396e+01 5.346811254253177603e-01
4.360000000000033538e+01 5.177187358246412296e-01
4.370000000000033680e+01 5.006481219964180607e-01
4.380000000000033822e+01 4.834691602213777029e-01
4.390000000000033964e+01 4.661817258351572679e-01
4.400000000000034106e+01 4.487856932381094066e-01
4.410000000000034248e+01 4.312809359049928903e-01
4.420000000000034390e+01 4.136673263945241930e-01
4.430000000000034532e+01 3.959447363588021185e-01
4.440000000000034674e+01 3.781130365526048642e-01
4.450000000000034817e+01 3.601720968425585756e-01
4.460000000000034959e+01 3.421217862161929357e-01
4.470000000000035101e+01 3.239619727908664704e-01
4.480000000000035243e+01 3.056925238225739472e-01
4.490000000000035385e+01 2.873133057146370350e-01
4.500000000000035527e+01 2.688241840262816651e-01
4.510000000000035669e+01 2.502250234810986518e-01
4.520000000000035811e+01 2.315156879753949570e-01
4.530000000000035953e+01 2.126960405864272152e-01
4.540000000000036096e+01 1.937659435805343666e-01
4.550000000000036238e+01 1.747252584211649307e-01
4.560000000000036380e+01 1.555738457767863459e-01
4.570000000000036522e+01 1.363115655286993855e-01
4.580000000000036664e+01 1.169382767787547489e-01
4.590000000000036806e+01 9.745383785695305168e-02
4.600000000000036948e+01 7.785810632896336680e-02
4.610000000000037090e+01 5.815093900352819034e-02
4.620000000000037232e+01 3.833219193978694428e-02
4.630000000000037375e+01 1.840172045449101415e-02
4.640000000000037517e+01 -1.640620870871506605e-03
4.650000000000037659e+01 -2.179497818303354623e-02
4.660000000000037801e+01 -4.206149835001202902e-02
4.670000000000037943e+01 -6.244032895425171564e-02
4.680000000000038085e+01 -8.293161828585803030e-02
4.690000000000038227e+01 -1.035355153359211605e-01
4.700000000000038369e+01 -1.242521697899194588e-01
4.710000000000038511e+01 -1.450817320212140771e-01
4.720000000000038654e+01 -1.660243530846208515e-01
4.730000000000038796e+01 -1.870801847100709847e-01
4.740000000000038938e+01 -2.082493792963408530e-01
4.750000000000039080e+01 -2.295320899048789998e-01
4.760000000000039222e+01 -2.509284702536908052e-01
4.770000000000039364e+01 -2.724386747113234919e-01
4.780000000000039506e+01 -2.940628582909082245e-01
4.790000000000039648e+01 -3.158011766442803681e-01
4.800000000000039790e+01 -3.376537860561905080e-01
4.810000000000039933e+01 -3.596208434385645414e-01
4.820000000000040075e+01 -3.817025063248541961e-01
4.830000000000040217e+01 -4.038989328644493337e-01
4.840000000000040359e+01 -4.262102818171571439e-01
4.850000000000040501e+01 -4.486367125477692119e-01
4.860000000000040643e+01 -4.711783850206716640e-01
4.870000000000040785e+01 -4.938354597945331381e-01
4.880000000000040927e+01 -5.166080980170700832e-01
4.890000000000041069e+01 -5.394964614198561881e-01
4.900000000000041211e+01 -5.625007123132131914e-01
4.910000000000041354e+01 -5.856210135811510398e-01
4.920000000000041496e+01 -6.088575286763894256e-01
4.930000000000041638e+01 -6.322104216154168510e-01
4.940000000000041780e+01 -6.556798569736296267e-01
4.950000000000041922e+01 -6.792659998805309352e-01
4.960000000000042064e+01 -7.029690160149629774e-01
4.970000000000042206e+01 -7.267890716004363760e-01
4.980000000000042348e+01 -7.507263334004852240e-01
4.990000000000042490e+01 -7.747809687140962964e-01
5.000000000000042633e+01 -7.989531453711897768e-01
5.010000000000042775e+01 -8.232430317281486110e-01
5.020000000000042917e+01 -8.476507966634059255e-01
5.030000000000043059e+01 -8.721766095731029456e-01
5.040000000000043201e+01 -8.968206403667634552e-01
5.050000000000043343e+01 -9.215830594630585182e-01
5.060000000000043485e+01 -9.464640377855989550e-01
5.070000000000043627e+01 -9.714637467587802222e-01
5.080000000000043769e+01 -9.965823583036940159e-01
5.090000000000043912e+01 -1.021820044834067298e+00
5.100000000000044054e+01 -1.047176979252267826e+00
5.110000000000044196e+01 -1.072653334945348202e+00
5.120000000000044338e+01 -1.098249285781132345e+00
5.130000000000044480e+01 -1.123965006104369557e+00
5.140000000000044622e+01 -1.149800670732911811e+00
5.150000000000044764e+01 -1.175756454953946761e+00
5.160000000000044906e+01 -1.201832534520279383e+00
5.170000000000045048e+01 -1.228029085646646035e+00
5.180000000000045191e+01 -1.254346285006086914e+00
5.190000000000045333e+01 -1.280784309726354042e+00
5.200000000000045475e+01 -1.307343337386353666e+00
5.210000000000045617e+01 -1.334023546012651273e+00
5.220000000000045759e+01 -1.360825114075997266e+00
5.230000000000045901e+01 -1.387748220487905026e+00
5.240000000000046043e+01 -1.414793044597273175e+00
5.250000000000046185e+01 -1.441959766187033143e+00
5.260000000000046327e+01 -1.469248565470839374e+00
5.270000000000046469e+01 -1.496659623089822810e+00
5.280000000000046612e+01 -1.524193120109343491e+00
5.290000000000046754e+01 -1.551849238015806209e+00
5.300000000000046896e+01 -1.579628158713519914e+00
5.310000000000047038e+01 -1.607530064521567770e+00
5.320000000000047180e+01 -1.635555138170724954e+00
5.330000000000047322e+01 -1.663703562800433966e+00
5.340000000000047464e+01 -1.691975521955780382e+00
5.350000000000047606e+01 -1.720371199584526556e+00
5.360000000000047748e+01 -1.748890780034167980e+00
5.370000000000047891e+01 -1.777534448049037596e+00
5.380000000000048033e+01 -1.806302388767430323e+00
5.390000000000048175e+01 -1.835194787718763099e+00
5.400000000000048317e+01 -1.864211830820773574e+00
5.410000000000048459e+01 -1.893353704376751878e+00
5.420000000000048601e+01 -1.922620595072786376e+00
5.430000000000048743e+01 -1.952012689975078263e+00
5.440000000000048885e+01 -1.981530176527240394e+00
5.450000000000049027e+01 -2.011173242547664053e+00
5.460000000000049170e+01 -2.040942076226897939e+00
5.470000000000049312e+01 -2.070836866125067566e+00
5.480000000000049454e+01 -2.100857801169315309e+00
5.490000000000049596e+01 -2.131005070651267985e+00
5.500000000000049738e+01 -2.161278864224546847e+00
5.510000000000049880e+01 -2.191679371902285567e+00
5.520000000000050022e+01 -2.222206784054714834e+00
5.530000000000050164e+01 -2.252861291406714095e+00
5.540000000000050306e+01 -2.283643085035448994e+00
5.550000000000050449e+01 -2.314552356367996389e+00
5.560000000000050591e+01 -2.345589297179039523e+00
5.570000000000050733e+01 -2.376754099588523239e+00
5.580000000000050875e+01 -2.408046956059407773e+00
5.590000000000051017e+01 -2.439468059395388799e+00
5.600000000000051159e+01 -2.471017602738692975e+00
5.610000000000051301e+01 -2.502695779567857493e+00
5.620000000000051443e+01 -2.534502783695557149e+00
5.630000000000051585e+01 -2.566438809266456733e+00
5.640000000000051728e+01 -2.598504050755061634e+00
5.650000000000051870e+01 -2.630698702963646607e+00
5.660000000000052012e+01 -2.663022961020136137e+00
5.670000000000052154e+01 -2.695477020376073174e+00
5.680000000000052296e+01 -2.728061076804570995e+00
5.690000000000052438e+01 -2.760775326398309915e+00
5.700000000000052580e+01 -2.793619965567533114e+00
5.710000000000052722e+01 -2.826595191038097532e+00
5.720000000000052864e+01 -2.859701199849511877e+00
5.730000000000053006e+01 -2.892938189353025269e+00
5.740000000000053149e+01 -2.926306357209717213e+00
5.750000000000053291e+01 -2.959805901388613769e+00
5.760000000000053433e+01 -2.993437020164845919e+00
5.770000000000053575e+01 -3.027199912117791047e+00
5.780000000000053717e+01 -3.061094776129258399e+00
5.790000000000053859e+01 -3.095121811381694954e+00
5.800000000000054001e+01 -3.129281217356407296e+00
5.810000000000054143e+01 -3.163573193831799912e+00
5.820000000000054285e+01 -3.197997940881638357e+00
5.830000000000054428e+01 -3.232555658873323967e+00
5.840000000000054570e+01 -3.267246548466206768e+00
5.850000000000054712e+01 -3.302070810609877949e+00
5.860000000000054854e+01 -3.337028646542544941e+00
5.870000000000054996e+01 -3.372120257789349651e+00
5.880000000000055138e+01 -3.407345846160758196e+00
5.890000000000055280e+01 -3.442705613750959515e+00
5.900000000000055422e+01 -3.478199762936255546e+00
5.910000000000055564e+01 -3.513828496373512245e+00
5.920000000000055707e+01 -3.549592016998579069e+00
5.930000000000055849e+01 -3.585490528024770640e+00
5.940000000000055991e+01 -3.621524232941328414e+00
5.950000000000056133e+01 -3.657693335511932098e+00
5.960000000000056275e+01 -3.693998039773193298e+00
5.970000000000056417e+01 -3.730438550033203349e+00
5.980000000000056559e+01 -3.767015070870065152e+00
5.990000000000056701e+01 -3.803727807130447225e+00
6.000000000000056843e+01 -3.840576963928179044e+00
6.010000000000056986e+01 -3.877562746642831737e+00
6.020000000000057128e+01 -3.914685360918324086e+00
6.030000000000057270e+01 -3.951945012661546741e+00
6.040000000000057412e+01 -3.989341908040994866e+00
6.050000000000057554e+01 -4.026876253485441204e+00
6.060000000000057696e+01 -4.064548255682576716e+00
6.070000000000057838e+01 -4.102358121577711181e+00
6.080000000000057980e+01 -4.140306058372456022e+00
6.090000000000058122e+01 -4.178392273523458655e+00
6.100000000000058265e+01 -4.216616974741082657e+00
6.110000000000058407e+01 -4.254980369988211386e+00
6.120000000000058549e+01 -4.293482667478930814e+00
6.130000000000058691e+01 -4.332124075677361574e+00
6.140000000000058833e+01 -4.370904803296382646e+00
6.150000000000058975e+01 -4.409825059296457184e+00
6.160000000000059117e+01 -4.448885052884435254e+00
6.170000000000059259e+01 -4.488084993512368115e+00
6.180000000000059401e+01 -4.527425090876341152e+00
6.190000000000059543e+01 -4.566905554915311249e+00
6.200000000000059686e+01 -4.606526595809991242e+00
6.210000000000059828e+01 -4.646288423981685511e+00
6.220000000000059970e+01 -4.686191250091200189e+00
6.230000000000060112e+01 -4.726235285037716949e+00
6.240000000000060254e+01 -4.766420739957722752e+00
6.250000000000060396e+01 -4.806747826223912945e+00
6.260000000000060538e+01 -4.847216755444117453e+00
6.270000000000060680e+01 -4.887827739460265164e+00
6.280000000000060822e+01 -4.928580990347311896e+00
6.290000000000060965e+01 -4.969476720412225212e+00
6.300000000000061107e+01 -5.010515142192951465e+00
6.310000000000061249e+01 -5.051696468457406830e+00
6.320000000000061391e+01 -5.093020912202479877e+00
6.330000000000061533e+01 -5.134488686653036815e+00
6.340000000000061675e+01 -5.176100005260936499e+00
6.350000000000061817e+01 -5.217855081704085407e+00
6.360000000000061959e+01 -5.259754129885435781e+00
6.370000000000062101e+01 -5.301797363932099216e+00
6.380000000000062244e+01 -5.343984998194351910e+00
6.390000000000062386e+01 -5.386317247244742923e+00
6.400000000000062528e+01 -5.428794325877154492e+00
6.410000000000061959e+01 -5.471416449105928059e+00
6.420000000000062812e+01 -5.514183832164938792e+00
6.430000000000063665e+01 -5.557096690506710956e+00
6.440000000000063096e+01 -5.600155239801546614e+00
6.450000000000062528e+01 -5.643359695936672971e+00
6.460000000000063380e+01 -5.686710275015367522e+00
6.470000000000064233e+01 -5.730207193356104511e+00
6.480000000000063665e+01 -5.773850667491720934e+00
6.490000000000063096e+01 -5.817640914168595856e+00
6.500000000000063949e+01 -5.861578150345839511e+00
6.510000000000064801e+01 -5.905662593194439758e+00
6.520000000000064233e+01 -5.949894460096485815e+00
6.530000000000063665e+01 -5.994273968644395545e+00
6.540000000000064517e+01 -6.038801336640100104e+00
6.550000000000065370e+01 -6.083476782094257906e+00
6.560000000000064801e+01 -6.128300523225515661e+00
6.570000000000064233e+01 -6.173272778459742760e+00
6.580000000000065086e+01 -6.218393766429274550e+00
6.590000000000065938e+01 -6.263663705972159157e+00
6.600000000000065370e+01 -6.309082816131432736e+00
6.610000000000064801e+01 -6.354651316154405372e+00
6.620000000000065654e+01 -6.400369425491927444e+00
6.630000000000066507e+01 -6.446237363797671094e+00
6.640000000000065938e+01 -6.492255350927452540e+00
6.650000000000065370e+01 -6.538423606938518873e+00
6.660000000000066223e+01 -6.584742352088858830e+00
6.670000000000067075e+01 -6.631211806836547318e+00
6.680000000000066507e+01 -6.677832191839027765e+00
6.690000000000065938e+01 -6.724603727952502830e+00
6.700000000000066791e+01 -6.771526636231253171e+00
6.710000000000067644e+01 -6.818601137926967759e+00
6.720000000000067075e+01 -6.865827454488114157e+00
6.730000000000066507e+01 -6.913205807559339888e+00
6.740000000000067359e+01 -6.960736418980793871e+00
6.750000000000068212e+01 -7.008419510787514461e+00
6.760000000000067644e+01 -7.056255305208837925e+00
6.770000000000067075e+01 -7.104244024667790036e+00
6.780000000000067928e+01 -7.152385891780455474e+00
6.790000000000068781e+01 -7.200681129355417376e+00
6.800000000000068212e+01 -7.249129960393140948e+00
6.810000000000067644e+01 -7.297732608085424566e+00
6.820000000000068496e+01 -7.346489295814820686e+00
6.830000000000069349e+01 -7.395400247154024775e+00
6.840000000000068781e+01 -7.444465685865377047e+00
6.850000000000068212e+01 -7.493685835900270931e+00
6.860000000000069065e+01 -7.543060921398622831e+00
6.870000000000069917e+01 -7.592591166688307247e+00
6.880000000000069349e+01 -7.642276796284638962e+00
6.890000000000068781e+01 -7.692118034889844580e+00
6.900000000000069633e+01 -7.742115107392546491e+00
6.910000000000070486e+01 -7.792268238867210428e+00
6.920000000000069917e+01 -7.842577654573671175e+00
6.930000000000069349e+01 -7.893043579956612099e+00
6.940000000000070202e+01 -7.943666240645073096e+00
6.950000000000071054e+01 -7.994445862451941665e+00
6.960000000000070486e+01 -8.045382671373463523e+00
6.970000000000069917e+01 -8.096476893588800294e+00
6.980000000000070770e+01 -8.147728755459503702e+00
6.990000000000071623e+01 -8.199138483529056387e+00
7.000000000000071054e+01 -8.250706304522422485e+00
7.010000000000070486e+01 -8.302432445345573342e+00
7.020000000000071338e+01 -8.354317133085048752e+00
7.030000000000072191e+01 -8.406360595007482672e+00
7.040000000000071623e+01 -8.458563058559160908e+00
7.050000000000071054e+01 -8.510924751365624985e+00
7.060000000000071907e+01 -8.563445901231178325e+00
7.070000000000072760e+01 -8.616126736138493669e+00
7.080000000000072191e+01 -8.668967484248176092e+00
7.090000000000071623e+01 -8.721968373898350890e+00
7.100000000000072475e+01 -8.775129633604263901e+00
7.110000000000073328e+01 -8.828451492057832084e+00
7.120000000000072760e+01 -8.881934178127259827e+00
7.130000000000072191e+01 -8.935577920856676570e+00
7.140000000000073044e+01 -8.989382949465698047e+00
7.150000000000073896e+01 -9.043349493349031931e+00
7.160000000000073328e+01 -9.097477782076120789e+00
7.170000000000072760e+01 -9.151768045390753059e+00
7.180000000000073612e+01 -9.206220513210709555e+00
7.190000000000074465e+01 -9.260835415627326483e+00
7.200000000000073896e+01 -9.315612982905189909e+00
7.210000000000073328e+01 -9.370553445481769828e+00
7.220000000000074181e+01 -9.425657033967050680e+00
7.230000000000075033e+01 -9.480923979143151215e+00
7.240000000000074465e+01 -9.536354511964018954e+00
7.250000000000073896e+01 -9.591948863555071370e+00
7.260000000000074749e+01 -9.647707265212856598e+00
7.270000000000075602e+01 -9.703629948404717709e+00
7.280000000000075033e+01 -9.759717144768426778e+00
7.290000000000074465e+01 -9.815969086111932640e+00
7.300000000000075318e+01 -9.872386004412970095e+00
7.310000000000076170e+01 -9.928968131818789900e+00
7.320000000000075602e+01 -9.985715700645782178e+00
7.330000000000075033e+01 -1.004262894337923662e+01
7.340000000000075886e+01 -1.009970809267300140e+01
7.350000000000076739e+01 -1.015695338134915993e+01
7.360000000000076170e+01 -1.021436504239776966e+01
7.370000000000075602e+01 -1.027194330897654773e+01
7.380000000000076454e+01 -1.032968841441058139e+01
7.390000000000077307e+01 -1.038760059219205267e+01
7.400000000000076739e+01 -1.044568007597991688e+01
7.410000000000076170e+01 -1.050392709959968762e+01
7.420000000000077023e+01 -1.056234189704309578e+01
7.430000000000077875e+01 -1.062092470246786391e+01
7.440000000000077307e+01 -1.067967575019739357e+01
7.450000000000076739e+01 -1.073859527472054332e+01
7.460000000000077591e+01 -1.079768351069134802e+01
7.470000000000078444e+01 -1.085694069292876129e+01
7.480000000000077875e+01 -1.091636705641638905e+01
7.490000000000077307e+01 -1.097596283630226388e+01
7.500000000000078160e+01 -1.103572826789858219e+01
7.510000000000079012e+01 -1.109566358668145369e+01
7.520000000000078444e+01 -1.115576902829066697e+01
7.530000000000077875e+01 -1.121604482852947271e+01
7.540000000000078728e+01 -1.127649122336431375e+01
7.550000000000079581e+01 -1.133710844892462433e+01
7.560000000000079012e+01 -1.139789674150255827e+01
7.570000000000078444e+01 -1.145885633755283628e+01
7.580000000000079297e+01 -1.151998747369248122e+01
7.590000000000080149e+01 -1.158129038670057653e+01
7.600000000000079581e+01 -1.164276531351808330e+01
7.610000000000079012e+01 -1.170441249124764838e+01
7.620000000000079865e+01 -1.176623215715336102e+01
7.630000000000080718e+01 -1.182822454866055395e+01
7.640000000000080149e+01 -1.189038990335559376e+01
7.650000000000079581e+01 -1.195272845898571923e+01
7.660000000000080433e+01 -1.201524045345882286e+01
7.670000000000081286e+01 -1.207792612484322881e+01
7.680000000000080718e+01 -1.214078571136752949e+01
7.690000000000080149e+01 -1.220381945142040969e+01
7.700000000000081002e+01 -1.226702758355046718e+01
7.710000000000081855e+01 -1.233041034646598710e+01
7.720000000000081286e+01 -1.239396797903477854e+01
7.730000000000080718e+01 -1.245770072028403419e+01
7.740000000000081570e+01 -1.252160880940014920e+01
7.750000000000082423e+01 -1.258569248572849730e+01
7.760000000000081855e+01 -1.264995198877330118e+01
7.770000000000081286e+01 -1.271438755819749389e+01
7.780000000000082139e+01 -1.277899943382253589e+01
7.790000000000082991e+01 -1.284378785562820902e+01
7.800000000000082423e+01 -1.290875306375252762e+01
7.810000000000081855e+01 -1.297389529849155210e+01
7.820000000000082707e+01 -1.303921480029926450e+01
7.830000000000083560e+01 -1.310471180978735894e+01
7.840000000000082991e+01 -1.317038656772515104e+01
7.850000000000082423e+01 -1.323623931503943219e+01
7.860000000000083276e+01 -1.330227029281430440e+01
7.870000000000084128e+01 -1.336847974229105596e+01
7.880000000000083560e+01 -1.343486790486799087e+01
7.890000000000082991e+01 -1.350143502210037028e+01
7.900000000000083844e+01 -1.356818133570022056e+01
7.910000000000084697e+01 -1.363510708753620015e+01
7.920000000000084128e+01 -1.370221251963351072e+01
7.930000000000083560e+01 -1.376949787417374971e+01
7.940000000000084412e+01 -1.383696339349481619e+01
7.950000000000085265e+01 -1.390460932009073680e+01
7.960000000000084697e+01 -1.397243589661160001e+01
7.970000000000084128e+01 -1.404044336586342823e+01
7.980000000000084981e+01 -1.410863197080805875e+01
7.990000000000085834e+01 -1.417700195456302303e+01
