2.000000000000000000e+01 8.813709627778884226e+00
2.010000000000000142e+01 8.824199844279812410e+00
2.020000000000000284e+01 8.834506822635088241e+00
2.030000000000000426e+01 8.844632330887213456e+00
2.040000000000000568e+01 8.854578100473970537e+00
2.050000000000000711e+01 8.864345827058084382e+00
2.060000000000000853e+01 8.873937171334706164e+00
2.070000000000000995e+01 8.883353759817373074e+00
2.080000000000001137e+01 8.892597185603129617e+00
2.090000000000001279e+01 8.901669009117393117e+00
2.100000000000001421e+01 8.910570758839241989e+00
2.110000000000001563e+01 8.919303932007668578e+00
2.120000000000001705e+01 8.927869995309382745e+00
2.130000000000001847e+01 8.936270385548741757e+00
2.140000000000001990e+01 8.944506510300284319e+00
2.150000000000002132e+01 8.952579748544458482e+00
2.160000000000002274e+01 8.960491451286968001e+00
2.170000000000002416e+01 8.968242942162291342e+00
2.180000000000002558e+01 8.975835518021758830e+00
2.190000000000002700e+01 8.983270449506726152e+00
2.200000000000002842e+01 8.990548981607215495e+00
2.210000000000002984e+01 8.997672334206461286e+00
2.220000000000003126e+01 9.004641702611786869e+00
2.230000000000003268e+01 9.011458258072192251e+00
2.240000000000003411e+01 9.018123148283038404e+00
2.250000000000003553e+01 9.024637497878181591e+00
2.260000000000003695e+01 9.031002408909950319e+00
2.270000000000003837e+01 9.037218961317277532e+00
2.280000000000003979e+01 9.043288213382339791e+00
2.290000000000004121e+01 9.049211202176024926e+00
2.300000000000004263e+01 9.054988943992537287e+00
2.310000000000004405e+01 9.060622434773462075e+00
2.320000000000004547e+01 9.066112650521544580e+00
2.330000000000004690e+01 9.071460547704520039e+00
2.340000000000004832e+01 9.076667063649235700e+00
2.350000000000004974e+01 9.081733116926345772e+00
2.360000000000005116e+01 9.086659607725829702e+00
2.370000000000005258e+01 9.091447418223589594e+00
2.380000000000005400e+01 9.096097412939391447e+00
2.390000000000005542e+01 9.100610439086340264e+00
2.400000000000005684e+01 9.104987326912162615e+00
2.410000000000005826e+01 9.109228890032490256e+00
2.420000000000005969e+01 9.113335925756388178e+00
2.430000000000006111e+01 9.117309215404281630e+00
2.440000000000006253e+01 9.121149524618564541e+00
2.450000000000006395e+01 9.124857603667010153e+00
2.460000000000006537e+01 9.128434187739216554e+00
2.470000000000006679e+01 9.131879997236264757e+00
2.480000000000006821e+01 9.135195738053747405e+00
2.490000000000006963e+01 9.138382101858386619e+00
2.500000000000007105e+01 9.141439766358352870e+00
2.510000000000007248e+01 9.144369395567499836e+00
2.520000000000007390e+01 9.147171640063637810e+00
2.530000000000007532e+01 9.149847137241017947e+00
2.540000000000007674e+01 9.152396511557178371e+00
2.550000000000007816e+01 9.154820374774281788e+00
2.560000000000007958e+01 9.157119326195102715e+00
2.570000000000008100e+01 9.159293952893794000e+00
2.580000000000008242e+01 9.161344829941562296e+00
2.590000000000008384e+01 9.163272520627389284e+00
2.600000000000008527e+01 9.165077576673917648e+00
2.610000000000008669e+01 9.166760538448633255e+00
2.620000000000008811e+01 9.168321935170439474e+00
2.630000000000008953e+01 9.169762285111769273e+00
2.640000000000009095e+01 9.171082095796329270e+00
2.650000000000009237e+01 9.172281864192589396e+00
2.660000000000009379e+01 9.173362076903094575e+00
2.670000000000009521e+01 9.174323210349783153e+00
2.680000000000009663e+01 9.175165730955296084e+00
2.690000000000009805e+01 9.175890095320481166e+00
2.700000000000009948e+01 9.176496750398111857e+00
2.710000000000010090e+01 9.176986133662952128e+00
2.720000000000010232e+01 9.177358673278245504e+00
2.730000000000010374e+01 9.177614788258710021e+00
2.740000000000010516e+01 9.177754888630124341e+00
2.750000000000010658e+01 9.177779375585608079e+00
2.760000000000010800e+01 9.177688641638638956e+00
2.770000000000010942e+01 9.177483070772913365e+00
2.780000000000011084e+01 9.177163038589105426e+00
2.790000000000011227e+01 9.176728912448643527e+00
2.800000000000011369e+01 9.176181051614493711e+00
2.810000000000011511e+01 9.175519807389099114e+00
2.820000000000011653e+01 9.174745523249503876e+00
2.830000000000011795e+01 9.173858534979736135e+00
2.840000000000011937e+01 9.172859170800510498e+00
2.850000000000012079e+01 9.171747751496310386e+00
2.860000000000012221e+01 9.170524590539935517e+00
2.870000000000012363e+01 9.169189994214523409e+00
2.880000000000012506e+01 9.167744261733167477e+00
2.890000000000012648e+01 9.166187685356128156e+00
2.900000000000012790e+01 9.164520550505725893e+00
2.910000000000012932e+01 9.162743135878967493e+00
2.920000000000013074e+01 9.160855713557936042e+00
2.930000000000013216e+01 9.158858549118029657e+00
2.940000000000013358e+01 9.156751901734057952e+00
2.950000000000013500e+01 9.154536024284285034e+00
2.960000000000013642e+01 9.152211163452426135e+00
2.970000000000013785e+01 9.149777559827676043e+00
2.980000000000013927e+01 9.147235448002803082e+00
2.990000000000014069e+01 9.144585056670329948e+00
3.000000000000014211e+01 9.141826608716900893e+00
3.010000000000014353e+01 9.138960321315785507e+00
3.020000000000014495e+01 9.135986406017664763e+00
3.030000000000014637e+01 9.132905068839654916e+00
3.040000000000014779e+01 9.129716510352643866e+00
3.050000000000014921e+01 9.126420925766980830e+00
3.060000000000015064e+01 9.123018505016535329e+00
3.070000000000015206e+01 9.119509432841184093e+00
3.080000000000015348e+01 9.115893888867734773e+00
3.090000000000015490e+01 9.112172047689339749e+00
3.100000000000015632e+01 9.108344078943433786e+00
3.110000000000015774e+01 9.104410147388206198e+00
3.120000000000015916e+01 9.100370412977671464e+00
3.130000000000016058e+01 9.096225030935324085e+00
3.140000000000016200e+01 9.091974151826464734e+00
3.150000000000016342e+01 9.087617921629160378e+00
3.160000000000016485e+01 9.083156481803946747e+00
3.170000000000016627e+01 9.078589969362200307e+00
3.180000000000016769e+01 9.073918516933320078e+00
3.190000000000016911e+01 9.069142252830634021e+00
3.200000000000017053e+01 9.064261301116157910e+00
3.210000000000017195e+01 9.059275781664135607e+00
3.220000000000017337e+01 9.054185810223479791e+00
3.230000000000017479e+01 9.048991498479052709e+00
3.240000000000017621e+01 9.043692954111866911e+00
3.250000000000017764e+01 9.038290280858198855e+00
3.260000000000017906e+01 9.032783578567665117e+00
3.270000000000018048e+01 9.027172943260241667e+00
3.280000000000018190e+01 9.021458467182291940e+00
3.290000000000018332e+01 9.015640238861594824e+00
3.300000000000018474e+01 9.009718343161399190e+00
3.310000000000018616e+01 9.003692861333545849e+00
3.320000000000018758e+01 8.997563871070621389e+00
3.330000000000018900e+01 8.991331446557252249e+00
3.340000000000019043e+01 8.984995658520446682e+00
3.350000000000019185e+01 8.978556574279105362e+00
3.360000000000019327e+01 8.972014257792650938e+00
3.370000000000019469e+01 8.965368769708829788e+00
3.380000000000019611e+01 8.958620167410668245e+00
3.390000000000019753e+01 8.951768505062643655e+00
3.400000000000019895e+01 8.944813833656050761e+00
3.410000000000020037e+01 8.937756201053602467e+00
3.420000000000020179e+01 8.930595652033243681e+00
3.430000000000020322e+01 8.923332228331254612e+00
3.440000000000020464e+01 8.915965968684599119e+00
3.450000000000020606e+01 8.908496908872558961e+00
3.460000000000020748e+01 8.900925081757671720e+00
3.470000000000020890e+01 8.893250517325979487e+00
3.480000000000021032e+01 8.885473242726588339e+00
3.490000000000021174e+01 8.877593282310582978e+00
3.500000000000021316e+01 8.869610657669278808e+00
3.510000000000021458e+01 8.861525387671843390e+00
3.520000000000021600e+01 8.853337488502285524e+00
3.530000000000021743e+01 8.845046973695845693e+00
3.540000000000021885e+01 8.836653854174761236e+00
3.550000000000022027e+01 8.828158138283464851e+00
3.560000000000022169e+01 8.819559831823191587e+00
3.570000000000022311e+01 8.810858938086024494e+00
3.580000000000022453e+01 8.802055457888370071e+00
3.590000000000022595e+01 8.793149389603911459e+00
3.600000000000022737e+01 8.784140729195996755e+00
3.610000000000022879e+01 8.775029470249524621e+00
3.620000000000023022e+01 8.765815604002304084e+00
3.630000000000023164e+01 8.756499119375902751e+00
3.640000000000023306e+01 8.747080003006006521e+00
3.650000000000023448e+01 8.737558239272283700e+00
3.660000000000023590e+01 8.727933810327783704e+00
3.670000000000023732e+01 8.718206696127845490e+00
3.680000000000023874e+01 8.708376874458565453e+00
3.690000000000024016e+01 8.698444320964787480e+00
3.700000000000024158e+01 8.688409009177682663e+00
3.710000000000024301e+01 8.678270910541858285e+00
3.720000000000024443e+01 8.668029994442061792e+00
3.730000000000024585e+01 8.657686228229451331e+00
3.740000000000024727e+01 8.647239577247455955e+00
3.750000000000024869e+01 8.636690004857237923e+00
3.760000000000025011e+01 8.626037472462748212e+00
3.770000000000025153e+01 8.615281939535391231e+00
3.780000000000025295e+01 8.604423363638307620e+00
3.790000000000025437e+01 8.593461700450284013e+00
3.800000000000025580e+01 8.582396903789291542e+00
3.810000000000025722e+01 8.571228925635645979e+00
3.820000000000025864e+01 8.559957716154832141e+00
3.830000000000026006e+01 8.548583223719965929e+00
3.840000000000026148e+01 8.537105394933913516e+00
3.850000000000026290e+01 8.525524174651067710e+00
3.860000000000026432e+01 8.513839505998804569e+00
3.870000000000026574e+01 8.502051330398590068e+00
3.880000000000026716e+01 8.490159587586800782e+00
3.890000000000026859e+01 8.478164215635185741e+00
3.900000000000027001e+01 8.466065150971060049e+00
3.910000000000027143e+01 8.453862328397164561e+00
3.920000000000027285e+01 8.441555681111243103e+00
3.930000000000027427e+01 8.429145140725308849e+00
3.940000000000027569e+01 8.416630637284651328e+00
3.950000000000027711e+01 8.404012099286521931e+00
3.960000000000027853e+01 8.391289453698563605e+00
3.970000000000027995e+01 8.378462625976972333e+00
3.980000000000028137e+01 8.365531540084369055e+00
3.990000000000028280e+01 8.352496118507414025e+00
4.000000000000028422e+01 8.339356282274168919e+00
4.010000000000028564e+01 8.326111950971192499e+00
4.020000000000028706e+01 8.312763042760392906e+00
4.030000000000028848e+01 8.299309474395629493e+00
4.040000000000028990e+01 8.285751161239057083e+00
4.050000000000029132e+01 8.272088017277265948e+00
4.060000000000029274e+01 8.258319955137144674e+00
4.070000000000029416e+01 8.244446886101544081e+00
4.080000000000029559e+01 8.230468720124704873e+00
4.090000000000029701e+01 8.216385365847447275e+00
4.100000000000029843e+01 8.202196730612161701e+00
4.110000000000029985e+01 8.187902720477573837e+00
4.120000000000030127e+01 8.173503240233291223e+00
4.130000000000030269e+01 8.158998193414157996e+00
4.140000000000030411e+01 8.144387482314375148e+00
4.150000000000030553e+01 8.129671008001462695e+00
4.160000000000030695e+01 8.114848670329976699e+00
4.170000000000030838e+01 8.099920367955053990e+00
4.180000000000030980e+01 8.084885998345766822e+00
4.190000000000031122e+01 8.069745457798283894e+00
4.200000000000031264e+01 8.054498641448837759e+00
4.210000000000031406e+01 8.039145443286518145e+00
4.220000000000031548e+01 8.023685756165885863e+00
4.230000000000031690e+01 8.008119471819400204e+00
4.240000000000031832e+01 7.992446480869681125e+00
4.250000000000031974e+01 7.976666672841598249e+00
4.260000000000032117e+01 7.960779936174184002e+00
4.270000000000032259e+01 7.944786158232394868e+00
4.280000000000032401e+01 7.928685225318682583e+00
4.290000000000032543e+01 7.912477022684443639e+00
4.300000000000032685e+01 7.896161434541270729e+00
4.310000000000032827e+01 7.879738344072078071e+00
4.320000000000032969e+01 7.863207633442053535e+00
4.330000000000033111e+01 7.846569183809475767e+00
4.340000000000033253e+01 7.829822875336369670e+00
4.350000000000033396e+01 7.812968587199017989e+00
4.360000000000033538e+01 7.796006197598341458e+00
4.370000000000033680e+01 7.778935583770118178e+00
4.380000000000033822e+01 7.761756621995077765e+00
4.390000000000033964e+01 7.744469187608858718e+00
4.400000000000034106e+01 7.727073155011809469e+00
4.410000000000034248e+01 7.709568397678693508e+00
4.420000000000034390e+01 7.691954788168224866e+00
4.430000000000034532e+01 7.674232198132502347e+00
4.440000000000034674e+01 7.656400498326305204e+00
4.450000000000034817e+01 7.638459558616259137e+00
4.460000000000034959e+01 7.620409247989893942e+00
4.470000000000035101e+01 7.602249434564567920e+00
4.480000000000035243e+01 7.583979985596274176e+00
4.490000000000035385e+01 7.565600767488336764e+00
4.500000000000035527e+01 7.547111645799982504e+00
4.510000000000035669e+01 7.528512485254799103e+00
4.520000000000035811e+01 7.509803149749095574e+00
4.530000000000035953e+01 7.490983502360126778e+00
4.540000000000036096e+01 7.472053405354234457e+00
4.550000000000036238e+01 7.453012720194864826e+00
4.560000000000036380e+01 7.433861307550487574e+00
4.570000000000036522e+01 7.414599027302398504e+00
4.580000000000036664e+01 7.395225738552454686e+00
4.590000000000036806e+01 7.375741299630654169e+00
4.600000000000036948e+01 7.356145568102664178e+00
4.610000000000037090e+01 7.336438400777229418e+00
4.620000000000037232e+01 7.316619653713487104e+00
4.630000000000037375e+01 7.296689182228192294e+00
4.640000000000037517e+01 7.276646840902829538e+00
4.650000000000037659e+01 7.256492483590666787e+00
4.660000000000037801e+01 7.236225963423688512e+00
4.670000000000037943e+01 7.215847132819448895e+00
4.680000000000038085e+01 7.195355843487843295e+00
4.690000000000038227e+01 7.174751946437778471e+00
4.700000000000038369e+01 7.154035291983781519e+00
4.710000000000038511e+01 7.133205729752487123e+00
4.720000000000038654e+01 7.112263108689079516e+00
4.730000000000038796e+01 7.091207277063629633e+00
4.740000000000038938e+01 7.070038082477358543e+00
4.750000000000039080e+01 7.048755371868820951e+00
4.760000000000039222e+01 7.027358991520009646e+00
4.770000000000039364e+01 7.005848787062377347e+00
4.780000000000039506e+01 6.984224603482791949e+00
4.790000000000039648e+01 6.962486285129419805e+00
4.800000000000039790e+01 6.940633675717509554e+00
4.810000000000039933e+01 6.918666618335136853e+00
4.820000000000040075e+01 6.896584955448846088e+00
4.830000000000040217e+01 6.874388528909250340e+00
4.840000000000040359e+01 6.852077179956542530e+00
4.850000000000040501e+01 6.829650749225930184e+00
4.860000000000040643e+01 6.807109076753027566e+00
4.870000000000040785e+01 6.784452001979166980e+00
4.880000000000040927e+01 6.761679363756630146e+00
4.890000000000041069e+01 6.738791000353844041e+00
4.900000000000041211e+01 6.715786749460487925e+00
4.910000000000041354e+01 6.692666448192548856e+00
4.920000000000041496e+01 6.669429933097310581e+00
4.930000000000041638e+01 6.646077040158283822e+00
4.940000000000041780e+01 6.622607604800070824e+00
4.950000000000041922e+01 6.599021461893169516e+00
4.960000000000042064e+01 6.575318445758737695e+00
4.970000000000042206e+01 6.551498390173263964e+00
4.980000000000042348e+01 6.527561128373214672e+00
4.990000000000042490e+01 6.503506493059603599e+00
5.000000000000042633e+01 6.479334316402510119e+00
5.010000000000042775e+01 6.455044430045552062e+00
5.020000000000042917e+01 6.430636665110294636e+00
5.030000000000043059e+01 6.406110852200597172e+00
5.040000000000043201e+01 6.381466821406936774e+00
5.050000000000043343e+01 6.356704402310641377e+00
5.060000000000043485e+01 6.331823423988101496e+00
5.070000000000043627e+01 6.306823715014919784e+00
5.080000000000043769e+01 6.281705103470006435e+00
5.090000000000043912e+01 6.256467416939632820e+00
5.100000000000044054e+01 6.231110482521432736e+00
5.110000000000044196e+01 6.205634126828352137e+00
5.120000000000044338e+01 6.180038175992567773e+00
5.130000000000044480e+01 6.154322455669330338e+00
5.140000000000044622e+01 6.128486791040788084e+00
5.150000000000044764e+01 6.102531006819753578e+00
5.160000000000044906e+01 6.076454927253420735e+00
5.170000000000045048e+01 6.050258376127054305e+00
5.180000000000045191e+01 6.023941176767613648e+00
5.190000000000045333e+01 5.997503152047346298e+00
5.200000000000045475e+01 5.970944124387346896e+00
5.210000000000045617e+01 5.944263915761049510e+00
5.220000000000045759e+01 5.917462347697703073e+00
5.230000000000045901e+01 5.890539241285795313e+00
5.240000000000046043e+01 5.863494417176426943e+00
5.250000000000046185e+01 5.836327695586667197e+00
5.260000000000046327e+01 5.809038896302860522e+00
5.270000000000046469e+01 5.781627838683877307e+00
5.280000000000046612e+01 5.754094341664356627e+00
5.290000000000046754e+01 5.726438223757893908e+00
5.300000000000046896e+01 5.698659303060180648e+00
5.310000000000047038e+01 5.670757397252132570e+00
5.320000000000047180e+01 5.642732323602975164e+00
5.330000000000047322e+01 5.614583898973266152e+00
5.340000000000047464e+01 5.586311939817919736e+00
5.350000000000047606e+01 5.557916262189174006e+00
5.360000000000047748e+01 5.529396681739532582e+00
5.370000000000047891e+01 5.500753013724662743e+00
5.380000000000048033e+01 5.471985073006269573e+00
5.390000000000048175e+01 5.443092674054937241e+00
5.400000000000048317e+01 5.414075630952926765e+00
5.410000000000048459e+01 5.384933757396948906e+00
5.420000000000048601e+01 5.355666866700913964e+00
5.430000000000048743e+01 5.326274771798622076e+00
5.440000000000048885e+01 5.296757285246459723e+00
5.450000000000049027e+01 5.267114219226036731e+00
5.460000000000049170e+01 5.237345385546801957e+00
5.470000000000049312e+01 5.207450595648633218e+00
5.480000000000049454e+01 5.177429660604384587e+00
5.490000000000049596e+01 5.147282391122432799e+00
5.500000000000049738e+01 5.117008597549153492e+00
5.510000000000049880e+01 5.086608089871415217e+00
5.520000000000050022e+01 5.056080677718985505e+00
5.530000000000050164e+01 5.025426170366985801e+00
5.540000000000050306e+01 4.994644376738251346e+00
5.550000000000050449e+01 4.963735105405704395e+00
5.560000000000050591e+01 4.932698164594660817e+00
5.570000000000050733e+01 4.901533362185176657e+00
5.580000000000050875e+01 4.870240505714292567e+00
5.590000000000051017e+01 4.838819402378311096e+00
5.600000000000051159e+01 4.807269859035007364e+00
5.610000000000051301e+01 4.775591682205842403e+00
5.620000000000051443e+01 4.743784678078142747e+00
5.630000000000051585e+01 4.711848652507243607e+00
5.640000000000051728e+01 4.679783411018638262e+00
5.650000000000051870e+01 4.647588758810053733e+00
5.660000000000052012e+01 4.615264500753563759e+00
5.670000000000052154e+01 4.582810441397627166e+00
5.680000000000052296e+01 4.550226384969129789e+00
5.690000000000052438e+01 4.517512135375389981e+00
5.700000000000052580e+01 4.484667496206166781e+00
5.710000000000052722e+01 4.451692270735603252e+00
5.720000000000052864e+01 4.418586261924188463e+00
5.730000000000053006e+01 4.385349272420675071e+00
5.740000000000053149e+01 4.351981104563983571e+00
5.750000000000053291e+01 4.318481560385086127e+00
5.760000000000053433e+01 4.284850441608854865e+00
5.770000000000053575e+01 4.251087549655909292e+00
5.780000000000053717e+01 4.217192685644441497e+00
5.790000000000053859e+01 4.183165650392004942e+00
5.800000000000054001e+01 4.149006244417293487e+00
5.810000000000054143e+01 4.114714267941899983e+00
5.820000000000054285e+01 4.080289520892062427e+00
5.830000000000054428e+01 4.045731802900376373e+00
5.840000000000054570e+01 4.011040913307493128e+00
5.850000000000054712e+01 3.976216651163822391e+00
5.860000000000054854e+01 3.941258815231155399e+00
5.870000000000054996e+01 3.906167203984350689e+00
5.880000000000055138e+01 3.870941615612942144e+00
5.890000000000055280e+01 3.835581848022740825e+00
5.900000000000055422e+01 3.800087698837444794e+00
5.910000000000055564e+01 3.764458965400188095e+00
5.920000000000055707e+01 3.728695444775121270e+00
5.930000000000055849e+01 3.692796933748929700e+00
5.940000000000055991e+01 3.656763228832371926e+00
5.950000000000056133e+01 3.620594126261768242e+00
5.960000000000056275e+01 3.584289422000507042e+00
5.970000000000056417e+01 3.547848911740496991e+00
5.980000000000056559e+01 3.511272390903635188e+00
5.990000000000056701e+01 3.474559654643253115e+00
6.000000000000056843e+01 3.437710497845521296e+00
6.010000000000056986e+01 3.400724715130868603e+00
6.020000000000057128e+01 3.363602100855376253e+00
6.030000000000057270e+01 3.326342449112153599e+00
6.040000000000057412e+01 3.288945553732705473e+00
6.050000000000057554e+01 3.251411208288258692e+00
6.060000000000057696e+01 3.213739206091123179e+00
6.070000000000057838e+01 3.175929340195988715e+00
6.080000000000057980e+01 3.137981403401243874e+00
6.090000000000058122e+01 3.099895188250241684e+00
6.100000000000058265e+01 3.061670487032618126e+00
6.110000000000058407e+01 3.023307091785488510e+00
6.120000000000058549e+01 2.984804794294769525e+00
6.130000000000058691e+01 2.946163386096338765e+00
6.140000000000058833e+01 2.907382658477317694e+00
6.150000000000058975e+01 2.868462402477243156e+00
6.160000000000059117e+01 2.829402408889265086e+00
6.170000000000059259e+01 2.790202468261331781e+00
6.180000000000059401e+01 2.750862370897358744e+00
6.190000000000059543e+01 2.711381906858388646e+00
6.200000000000059686e+01 2.671760865963709097e+00
6.210000000000059828e+01 2.631999037792014384e+00
6.220000000000059970e+01 2.592096211682500151e+00
6.230000000000060112e+01 2.552052176735983391e+00
6.240000000000060254e+01 2.511866721815977588e+00
6.250000000000060396e+01 2.471539635549787395e+00
6.260000000000060538e+01 2.431070706329582887e+00
6.270000000000060680e+01 2.390459722313434732e+00
6.280000000000060822e+01 2.349706471426388887e+00
6.290000000000060965e+01 2.308810741361475571e+00
6.300000000000061107e+01 2.267772319580748430e+00
6.310000000000061249e+01 2.226590993316293066e+00
6.320000000000061391e+01 2.185266549571220018e+00
6.330000000000061533e+01 2.143798775120663525e+00
6.340000000000061675e+01 2.102187456512763397e+00
6.350000000000061817e+01 2.060432380069614933e+00
6.360000000000061959e+01 2.018533331888265003e+00
6.370000000000062101e+01 1.976490097841600679e+00
6.380000000000062244e+01 1.934302463579348652e+00
6.390000000000062386e+01 1.891970214528957417e+00
6.400000000000062528e+01 1.849493135896545626e+00
6.410000000000061959e+01 1.806871012667772280e+00
6.420000000000062812e+01 1.764103629608761548e+00
6.430000000000063665e+01 1.721190771266989605e+00
6.440000000000063096e+01 1.678132221972153726e+00
6.450000000000062528e+01 1.634927765837027813e+00
6.460000000000063380e+01 1.591577186758332596e+00
6.470000000000064233e+01 1.548080268417595384e+00
6.480000000000063665e+01 1.504436794281979628e+00
6.490000000000063096e+01 1.460646547605104262e+00
6.500000000000063949e+01 1.416709311427861273e+00
6.510000000000064801e+01 1.372624868579260804e+00
6.520000000000064233e+01 1.328393001677214080e+00
6.530000000000063665e+01 1.284013493129305017e+00
6.540000000000064517e+01 1.239486125133600680e+00
6.550000000000065370e+01 1.194810679679441989e+00
6.560000000000064801e+01 1.149986938548184900e+00
6.570000000000064233e+01 1.105014683313957358e+00
6.580000000000065086e+01 1.059893695344425790e+00
6.590000000000065938e+01 1.014623755801540961e+00
6.600000000000065370e+01 9.692046456422671596e-01
6.610000000000064801e+01 9.236361456192951902e-01
6.620000000000065654e+01 8.779180362817732286e-01
6.630000000000066507e+01 8.320500979760291349e-01
6.640000000000065938e+01 7.860321108462479112e-01
6.650000000000065370e+01 7.398638548351812450e-01
6.660000000000066223e+01 6.935451096848413988e-01
6.670000000000067075e+01 6.470756549371526889e-01
6.680000000000066507e+01 6.004552699346721312e-01
6.690000000000065938e+01 5.536837338211978432e-01
6.700000000000066791e+01 5.067608255424468355e-01
6.710000000000067644e+01 4.596863238467328028e-01
6.720000000000067075e+01 4.124600072855865163e-01
6.730000000000066507e+01 3.650816542143607291e-01
6.740000000000067359e+01 3.175510427929067458e-01
6.750000000000068212e+01 2.698679509861853787e-01
6.760000000000067644e+01 2.220321565648621653e-01
6.770000000000067075e+01 1.740434371059106922e-01
6.780000000000067928e+01 1.259015699932447274e-01
6.790000000000068781e+01 7.760633241828335249e-02
6.800000000000068212e+01 2.915750138055916291e-02
6.810000000000067644e+01 -1.944514631172403543e-02
6.820000000000068496e+01 -6.820183404112008241e-02
6.830000000000069349e+01 -1.171127853803248797e-01
6.840000000000068781e+01 -1.661782240916764852e-01
6.850000000000068212e+01 -2.153983741265707019e-01
6.860000000000069065e+01 -2.647734596249224914e-01
6.870000000000069917e+01 -3.143037049146069628e-01
6.880000000000069349e+01 -3.639893345109384004e-01
6.890000000000068781e+01 -4.138305731161440182e-01
6.900000000000069633e+01 -4.638276456188459851e-01
6.910000000000070486e+01 -5.139807770935097553e-01
6.920000000000069917e+01 -5.642901927999707246e-01
6.930000000000069349e+01 -6.147561181829122035e-01
6.940000000000070202e+01 -6.653787788713730889e-01
6.950000000000071054e+01 -7.161584006782415468e-01
6.960000000000070486e+01 -7.670952095997631837e-01
6.970000000000069917e+01 -8.181894318150999545e-01
6.980000000000070770e+01 -8.694412936858036955e-01
6.990000000000071623e+01 -9.208510217553563804e-01
7.000000000000071054e+01 -9.724188427487222564e-01
7.010000000000070486e+01 -1.024144983571872780e+00
7.020000000000071338e+01 -1.076029671311347746e+00
7.030000000000072191e+01 -1.128073133233782555e+00
7.040000000000071623e+01 -1.180275596785460568e+00
7.050000000000071054e+01 -1.232637289591924201e+00
7.060000000000071907e+01 -1.285158439457478652e+00
7.070000000000072760e+01 -1.337839274364793551e+00
7.080000000000072191e+01 -1.390680022474474864e+00
7.090000000000071623e+01 -1.443680912124650551e+00
7.100000000000072475e+01 -1.496842171830563339e+00
7.110000000000073328e+01 -1.550164030284131744e+00
7.120000000000072760e+01 -1.603646716353559265e+00
7.130000000000072191e+01 -1.657290459082977119e+00
7.140000000000073044e+01 -1.711095487691997041e+00
7.150000000000073896e+01 -1.765062031575332036e+00
7.160000000000073328e+01 -1.819190320302420671e+00
7.170000000000072760e+01 -1.873480583617052941e+00
7.180000000000073612e+01 -1.927933051437008993e+00
7.190000000000074465e+01 -1.982547953853627032e+00
7.200000000000073896e+01 -2.037325521131489126e+00
7.210000000000073328e+01 -2.092265983708069932e+00
7.220000000000074181e+01 -2.147369572193349896e+00
7.230000000000075033e+01 -2.202636517369450875e+00
7.240000000000074465e+01 -2.258067050190318614e+00
7.250000000000073896e+01 -2.313661401781370142e+00
7.260000000000074749e+01 -2.369419803439157146e+00
7.270000000000075602e+01 -2.425342486631017369e+00
7.280000000000075033e+01 -2.481429682994725994e+00
7.290000000000074465e+01 -2.537681624338232300e+00
7.300000000000075318e+01 -2.594098542639270200e+00
7.310000000000076170e+01 -2.650680670045090004e+00
7.320000000000075602e+01 -2.707428238872080950e+00
7.330000000000075033e+01 -2.764341481605537165e+00
7.340000000000075886e+01 -2.821420630899300619e+00
7.350000000000076739e+01 -2.878665919575459586e+00
7.360000000000076170e+01 -2.936077580624070205e+00
7.370000000000075602e+01 -2.993655847202847831e+00
7.380000000000076454e+01 -3.051400952636881492e+00
7.390000000000077307e+01 -3.109313130418353222e+00
7.400000000000076739e+01 -3.167392614206216539e+00
7.410000000000076170e+01 -3.225639637825986394e+00
7.420000000000077023e+01 -3.284054435269395000e+00
7.430000000000077875e+01 -3.342637240694164014e+00
7.440000000000077307e+01 -3.401388288423693673e+00
7.450000000000076739e+01 -3.460307812946842532e+00
7.460000000000077591e+01 -3.519396048917647235e+00
7.470000000000078444e+01 -3.578653231155061398e+00
7.480000000000077875e+01 -3.638079594642688264e+00
7.490000000000077307e+01 -3.697675374528563541e+00
7.500000000000078160e+01 -3.757440806124882293e+00
7.510000000000079012e+01 -3.817376124907754242e+00
7.520000000000078444e+01 -3.877481566516966183e+00
7.530000000000077875e+01 -3.937757366755772370e+00
7.540000000000078728e+01 -3.998203761590613414e+00
7.550000000000079581e+01 -4.058820987150923543e+00
7.560000000000079012e+01 -4.119609279728858375e+00
7.570000000000078444e+01 -4.180568875779136384e+00
7.580000000000079297e+01 -4.241700011918780433e+00
7.590000000000080149e+01 -4.303002924926875750e+00
7.600000000000079581e+01 -4.364477851744382519e+00
7.610000000000079012e+01 -4.426125029473947592e+00
7.620000000000079865e+01 -4.487944695379660232e+00
7.630000000000080718e+01 -4.549937086886853166e+00
7.640000000000080149e+01 -4.612102441581893864e+00
7.650000000000079581e+01 -4.674440997212019333e+00
7.660000000000080433e+01 -4.736952991685122960e+00
7.670000000000081286e+01 -4.799638663069528910e+00
7.680000000000080718e+01 -4.862498249593829591e+00
7.690000000000080149e+01 -4.925531989646709796e+00
7.700000000000081002e+01 -4.988740121776767289e+00
7.710000000000081855e+01 -5.052122884692288096e+00
7.720000000000081286e+01 -5.115680517261077753e+00
7.730000000000080718e+01 -5.179413258510334295e+00
7.740000000000081570e+01 -5.243321347626449302e+00
7.750000000000082423e+01 -5.307405023954797407e+00
7.760000000000081855e+01 -5.371664526999601286e+00
7.770000000000081286e+01 -5.436100096423793993e+00
7.780000000000082139e+01 -5.500711972048835996e+00
7.790000000000082991e+01 -5.565500393854509120e+00
7.800000000000082423e+01 -5.630465601978826840e+00
7.810000000000081855e+01 -5.695607836717852202e+00
7.820000000000082707e+01 -5.760927338525563712e+00
7.830000000000083560e+01 -5.826424348013659049e+00
7.840000000000082991e+01 -5.892099105951450255e+00
7.850000000000082423e+01 -5.957951853265732289e+00
7.860000000000083276e+01 -6.023982831040603614e+00
7.870000000000084128e+01 -6.090192280517355172e+00
7.880000000000083560e+01 -6.156580443094290978e+00
7.890000000000082991e+01 -6.223147560326669492e+00
7.900000000000083844e+01 -6.289893873926520662e+00
7.910000000000084697e+01 -6.356819625762500259e+00
7.920000000000084128e+01 -6.423925057859809939e+00
7.930000000000083560e+01 -6.491210412400048924e+00
7.940000000000084412e+01 -6.558675931721116292e+00
7.950000000000085265e+01 -6.626321858317036018e+00
7.960000000000084697e+01 -6.694148434837900119e+00
7.970000000000084128e+01 -6.762155904089727443e+00
7.980000000000084981e+01 -6.830344509034358857e+00
7.990000000000085834e+01 -6.898714492789322250e+00
