2.000000000000000000e+01 -3.316769475177282711e+00
2.010000000000000142e+01 -3.306279258676354971e+00
2.020000000000000284e+01 -3.295972280321079140e+00
2.030000000000000426e+01 -3.285846772068954813e+00
2.040000000000000568e+01 -3.275901002482196844e+00
2.050000000000000711e+01 -3.266133275898083443e+00
2.060000000000000853e+01 -3.256541931621462105e+00
2.070000000000000995e+01 -3.247125343138793419e+00
2.080000000000001137e+01 -3.237881917353036432e+00
2.090000000000001279e+01 -3.228810093838773376e+00
2.100000000000001421e+01 -3.219908344116924503e+00
2.110000000000001563e+01 -3.211175170948499247e+00
2.120000000000001705e+01 -3.202609107646783748e+00
2.130000000000001847e+01 -3.194208717407425624e+00
2.140000000000001990e+01 -3.185972592655882618e+00
2.150000000000002132e+01 -3.177899354411709787e+00
2.160000000000002274e+01 -3.169987651669199380e+00
2.170000000000002416e+01 -3.162236160793876483e+00
2.180000000000002558e+01 -3.154643584934409883e+00
2.190000000000002700e+01 -3.147208653449441673e+00
2.200000000000002842e+01 -3.139930121348951886e+00
2.210000000000002984e+01 -3.132806768749706094e+00
2.220000000000003126e+01 -3.125837400344380956e+00
2.230000000000003268e+01 -3.119020844883974242e+00
2.240000000000003411e+01 -3.112355954673128977e+00
2.250000000000003553e+01 -3.105841605077985346e+00
2.260000000000003695e+01 -3.099476694046217506e+00
2.270000000000003837e+01 -3.093260141638889849e+00
2.280000000000003979e+01 -3.087190889573828478e+00
2.290000000000004121e+01 -3.081267900780142899e+00
2.300000000000004263e+01 -3.075490158963629206e+00
2.310000000000004405e+01 -3.069856668182704418e+00
2.320000000000004547e+01 -3.064366452434624133e+00
2.330000000000004690e+01 -3.059018555251648230e+00
2.340000000000004832e+01 -3.053812039306931680e+00
2.350000000000004974e+01 -3.048745986029820720e+00
2.360000000000005116e+01 -3.043819495230338124e+00
2.370000000000005258e+01 -3.039031684732576899e+00
2.380000000000005400e+01 -3.034381690016775490e+00
2.390000000000005542e+01 -3.029868663869826673e+00
2.400000000000005684e+01 -3.025491776044004322e+00
2.410000000000005826e+01 -3.021250212923675793e+00
2.420000000000005969e+01 -3.017143177199779203e+00
2.430000000000006111e+01 -3.013169887551885751e+00
2.440000000000006253e+01 -3.009329578337602840e+00
2.450000000000006395e+01 -3.005621499289156784e+00
2.460000000000006537e+01 -3.002044915216949050e+00
2.470000000000006679e+01 -2.998599105719903513e+00
2.480000000000006821e+01 -2.995283364902420864e+00
2.490000000000006963e+01 -2.992097001097781206e+00
2.500000000000007105e+01 -2.989039336597814955e+00
2.510000000000007248e+01 -2.986109707388667989e+00
2.520000000000007390e+01 -2.983307462892530459e+00
2.530000000000007532e+01 -2.980631965715149878e+00
2.540000000000007674e+01 -2.978082591398989454e+00
2.550000000000007816e+01 -2.975658728181885593e+00
2.560000000000007958e+01 -2.973359776761064222e+00
2.570000000000008100e+01 -2.971185150062373381e+00
2.580000000000008242e+01 -2.969134273014605530e+00
2.590000000000008384e+01 -2.967206582328778097e+00
2.600000000000008527e+01 -2.965401526282249289e+00
2.610000000000008669e+01 -2.963718564507533237e+00
2.620000000000008811e+01 -2.962157167785728795e+00
2.630000000000008953e+01 -2.960716817844398108e+00
2.640000000000009095e+01 -2.959397007159836335e+00
2.650000000000009237e+01 -2.958197238763578429e+00
2.660000000000009379e+01 -2.957117026053072806e+00
2.670000000000009521e+01 -2.956155892606384672e+00
2.680000000000009663e+01 -2.955313372000870853e+00
2.690000000000009805e+01 -2.954589007635686659e+00
2.700000000000009948e+01 -2.953982352558055968e+00
2.710000000000010090e+01 -2.953492969293214809e+00
2.720000000000010232e+01 -2.953120429677921432e+00
2.730000000000010374e+01 -2.952864314697457804e+00
2.740000000000010516e+01 -2.952724214326042596e+00
2.750000000000010658e+01 -2.952699727370557969e+00
2.760000000000010800e+01 -2.952790461317527981e+00
2.770000000000010942e+01 -2.952996032183254904e+00
2.780000000000011084e+01 -2.953316064367061067e+00
2.790000000000011227e+01 -2.953750190507523410e+00
2.800000000000011369e+01 -2.954298051341673670e+00
2.810000000000011511e+01 -2.954959295567068711e+00
2.820000000000011653e+01 -2.955733579706663949e+00
2.830000000000011795e+01 -2.956620567976430358e+00
2.840000000000011937e+01 -2.957619932155656883e+00
2.850000000000012079e+01 -2.958731351459856107e+00
2.860000000000012221e+01 -2.959954512416232753e+00
2.870000000000012363e+01 -2.961289108741643972e+00
2.880000000000012506e+01 -2.962734841222999460e+00
2.890000000000012648e+01 -2.964291417600038780e+00
2.900000000000012790e+01 -2.965958552450441044e+00
2.910000000000012932e+01 -2.967735967077200332e+00
2.920000000000013074e+01 -2.969623389398230895e+00
2.930000000000013216e+01 -2.971620553838137724e+00
2.940000000000013358e+01 -2.973727201222108096e+00
2.950000000000013500e+01 -2.975943078671881015e+00
2.960000000000013642e+01 -2.978267939503741246e+00
2.970000000000013785e+01 -2.980701543128491338e+00
2.980000000000013927e+01 -2.983243654953365187e+00
2.990000000000014069e+01 -2.985894046285836989e+00
3.000000000000014211e+01 -2.988652494239266488e+00
3.010000000000014353e+01 -2.991518781640381874e+00
3.020000000000014495e+01 -2.994492696938502618e+00
3.030000000000014637e+01 -2.997574034116512909e+00
3.040000000000014779e+01 -3.000762592603523515e+00
3.050000000000014921e+01 -3.004058177189186996e+00
3.060000000000015064e+01 -3.007460597939632052e+00
3.070000000000015206e+01 -3.010969670114982844e+00
3.080000000000015348e+01 -3.014585214088433496e+00
3.090000000000015490e+01 -3.018307055266828520e+00
3.100000000000015632e+01 -3.022135024012734483e+00
3.110000000000015774e+01 -3.026068955567960295e+00
3.120000000000015916e+01 -3.030108689978495473e+00
3.130000000000016058e+01 -3.034254072020841964e+00
3.140000000000016200e+01 -3.038504951129702647e+00
3.150000000000016342e+01 -3.042861181327005671e+00
3.160000000000016485e+01 -3.047322621152221522e+00
3.170000000000016627e+01 -3.051889133593965742e+00
3.180000000000016769e+01 -3.056560586022847303e+00
3.190000000000016911e+01 -3.061336850125532916e+00
3.200000000000017053e+01 -3.066217801840010804e+00
3.210000000000017195e+01 -3.071203321292032218e+00
3.220000000000017337e+01 -3.076293292732688034e+00
3.230000000000017479e+01 -3.081487604477114228e+00
3.240000000000017621e+01 -3.086786148844301358e+00
3.250000000000017764e+01 -3.092188822097968082e+00
3.260000000000017906e+01 -3.097695524388502708e+00
3.270000000000018048e+01 -3.103306159695925714e+00
3.280000000000018190e+01 -3.109020635773875441e+00
3.290000000000018332e+01 -3.114838864094573001e+00
3.300000000000018474e+01 -3.120760759794766859e+00
3.310000000000018616e+01 -3.126786241622621532e+00
3.320000000000018758e+01 -3.132915231885544660e+00
3.330000000000018900e+01 -3.139147656398914243e+00
3.340000000000019043e+01 -3.145483444435720255e+00
3.350000000000019185e+01 -3.151922528677061575e+00
3.360000000000019327e+01 -3.158464845163515111e+00
3.370000000000019469e+01 -3.165110333247336705e+00
3.380000000000019611e+01 -3.171858935545499136e+00
3.390000000000019753e+01 -3.178710597893524170e+00
3.400000000000019895e+01 -3.185665269300115288e+00
3.410000000000020037e+01 -3.192722901902564470e+00
3.420000000000020179e+01 -3.199883450922923700e+00
3.430000000000020322e+01 -3.207146874624912769e+00
3.440000000000020464e+01 -3.214513134271568262e+00
3.450000000000020606e+01 -3.221982194083608420e+00
3.460000000000020748e+01 -3.229554021198494773e+00
3.470000000000020890e+01 -3.237228585630187006e+00
3.480000000000021032e+01 -3.245005860229578154e+00
3.490000000000021174e+01 -3.252885820645584403e+00
3.500000000000021316e+01 -3.260868445286888129e+00
3.510000000000021458e+01 -3.268953715284325323e+00
3.520000000000021600e+01 -3.277141614453881857e+00
3.530000000000021743e+01 -3.285432129260321243e+00
3.540000000000021885e+01 -3.293825248781405257e+00
3.550000000000022027e+01 -3.302320964672702086e+00
3.560000000000022169e+01 -3.310919271132974018e+00
3.570000000000022311e+01 -3.319620164870141998e+00
3.580000000000022453e+01 -3.328423645067795977e+00
3.590000000000022595e+01 -3.337329713352255922e+00
3.600000000000022737e+01 -3.346338373760170626e+00
3.610000000000022879e+01 -3.355449632706641871e+00
3.620000000000023022e+01 -3.364663498953862852e+00
3.630000000000023164e+01 -3.373979983580263742e+00
3.640000000000023306e+01 -3.383399099950161304e+00
3.650000000000023448e+01 -3.392920863683883681e+00
3.660000000000023590e+01 -3.402545292628383233e+00
3.670000000000023732e+01 -3.412272406828321891e+00
3.680000000000023874e+01 -3.422102228497602372e+00
3.690000000000024016e+01 -3.432034781991379457e+00
3.700000000000024158e+01 -3.442070093778485163e+00
3.710000000000024301e+01 -3.452208192414309096e+00
3.720000000000024443e+01 -3.462449108514104701e+00
3.730000000000024585e+01 -3.472792874726716494e+00
3.740000000000024727e+01 -3.483239525708711426e+00
3.750000000000024869e+01 -3.493789098098929458e+00
3.760000000000025011e+01 -3.504441630493418725e+00
3.770000000000025153e+01 -3.515197163420776594e+00
3.780000000000025295e+01 -3.526055739317859317e+00
3.790000000000025437e+01 -3.537017402505882924e+00
3.800000000000025580e+01 -3.548082199166875395e+00
3.810000000000025722e+01 -3.559250177320522290e+00
3.820000000000025864e+01 -3.570521386801334351e+00
3.830000000000026006e+01 -3.581895879236201008e+00
3.840000000000026148e+01 -3.593373708022253421e+00
3.850000000000026290e+01 -3.604954928305098782e+00
3.860000000000026432e+01 -3.616639596957363256e+00
3.870000000000026574e+01 -3.628427772557576869e+00
3.880000000000026716e+01 -3.640319515369367043e+00
3.890000000000026859e+01 -3.652314887320981640e+00
3.900000000000027001e+01 -3.664413951985107776e+00
3.910000000000027143e+01 -3.676616774559001932e+00
3.920000000000027285e+01 -3.688923421844924277e+00
3.930000000000027427e+01 -3.701333962230857644e+00
3.940000000000027569e+01 -3.713848465671515608e+00
3.950000000000027711e+01 -3.726467003669645894e+00
3.960000000000027853e+01 -3.739189649257605108e+00
3.970000000000027995e+01 -3.752016476979194604e+00
3.980000000000028137e+01 -3.764947562871798326e+00
3.990000000000028280e+01 -3.777982984448754245e+00
4.000000000000028422e+01 -3.791122820681999794e+00
4.010000000000028564e+01 -3.804367151984974882e+00
4.020000000000028706e+01 -3.817716060195773142e+00
4.030000000000028848e+01 -3.831169628560537443e+00
4.040000000000028990e+01 -3.844727941717108965e+00
4.050000000000029132e+01 -3.858391085678900989e+00
4.060000000000029274e+01 -3.872159147819022262e+00
4.070000000000029416e+01 -3.886032216854622856e+00
4.080000000000029559e+01 -3.900010382831462952e+00
4.090000000000029701e+01 -3.914093737108719662e+00
4.100000000000029843e+01 -3.928282372344003903e+00
4.110000000000029985e+01 -3.942576382478592656e+00
4.120000000000030127e+01 -3.956975862722875270e+00
4.130000000000030269e+01 -3.971480909542010718e+00
4.140000000000030411e+01 -3.986091620641791344e+00
4.150000000000030553e+01 -4.000808094954703797e+00
4.160000000000030695e+01 -4.015630432626190682e+00
4.170000000000030838e+01 -4.030558735001113391e+00
4.180000000000030980e+01 -4.045593104610400559e+00
4.190000000000031122e+01 -4.060733645157883487e+00
4.200000000000031264e+01 -4.075980461507329622e+00
4.210000000000031406e+01 -4.091333659669649236e+00
4.220000000000031548e+01 -4.106793346790283294e+00
4.230000000000031690e+01 -4.122359631136768066e+00
4.240000000000031832e+01 -4.138032622086486256e+00
4.250000000000031974e+01 -4.153812430114570020e+00
4.260000000000032117e+01 -4.169699166781982491e+00
4.270000000000032259e+01 -4.185692944723772513e+00
4.280000000000032401e+01 -4.201793877637485686e+00
4.290000000000032543e+01 -4.218002080271723742e+00
4.300000000000032685e+01 -4.234317668414896652e+00
4.310000000000032827e+01 -4.250740758884090198e+00
4.320000000000032969e+01 -4.267271469514113846e+00
4.330000000000033111e+01 -4.283909919146690726e+00
4.340000000000033253e+01 -4.300656227619797711e+00
4.350000000000033396e+01 -4.317510515757149392e+00
4.360000000000033538e+01 -4.334472905357825923e+00
4.370000000000033680e+01 -4.351543519186049203e+00
4.380000000000033822e+01 -4.368722480961088728e+00
4.390000000000033964e+01 -4.386009915347309551e+00
4.400000000000034106e+01 -4.403405947944357024e+00
4.410000000000034248e+01 -4.420910705277473873e+00
4.420000000000034390e+01 -4.438524314787942515e+00
4.430000000000034532e+01 -4.456246904823665034e+00
4.440000000000034674e+01 -4.474078604629862177e+00
4.450000000000034817e+01 -4.492019544339908244e+00
4.460000000000034959e+01 -4.510069854966274328e+00
4.470000000000035101e+01 -4.528229668391600349e+00
4.480000000000035243e+01 -4.546499117359893205e+00
4.490000000000035385e+01 -4.564878335467829729e+00
4.500000000000035527e+01 -4.583367457156184877e+00
4.510000000000035669e+01 -4.601966617701368278e+00
4.520000000000035811e+01 -4.620675953207071807e+00
4.530000000000035953e+01 -4.639495600596039715e+00
4.540000000000036096e+01 -4.658425697601932924e+00
4.550000000000036238e+01 -4.677466382761301666e+00
4.560000000000036380e+01 -4.696617795405680695e+00
4.570000000000036522e+01 -4.715880075653767101e+00
4.580000000000036664e+01 -4.735253364403711807e+00
4.590000000000036806e+01 -4.754737803325514101e+00
4.600000000000036948e+01 -4.774333534853503203e+00
4.610000000000037090e+01 -4.794040702178938851e+00
4.620000000000037232e+01 -4.813859449242680277e+00
4.630000000000037375e+01 -4.833789920727975975e+00
4.640000000000037517e+01 -4.853832262053338731e+00
4.650000000000037659e+01 -4.873986619365500594e+00
4.660000000000037801e+01 -4.894253139532478869e+00
4.670000000000037943e+01 -4.914631970136718486e+00
4.680000000000038085e+01 -4.935123259468324974e+00
4.690000000000038227e+01 -4.955727156518388021e+00
4.700000000000038369e+01 -4.976443810972386750e+00
4.710000000000038511e+01 -4.997273373203681146e+00
4.720000000000038654e+01 -5.018215994267087865e+00
4.730000000000038796e+01 -5.039271825892537748e+00
4.740000000000038938e+01 -5.060441020478807950e+00
4.750000000000039080e+01 -5.081723731087345541e+00
4.760000000000039222e+01 -5.103120111436157735e+00
4.770000000000039364e+01 -5.124630315893790033e+00
4.780000000000039506e+01 -5.146254499473375432e+00
4.790000000000039648e+01 -5.167992817826747576e+00
4.800000000000039790e+01 -5.189845427238656939e+00
4.810000000000039933e+01 -5.211812484621031416e+00
4.820000000000040075e+01 -5.233894147507321293e+00
4.830000000000040217e+01 -5.256090574046916153e+00
4.840000000000040359e+01 -5.278401922999623963e+00
4.850000000000040501e+01 -5.300828353730236309e+00
4.860000000000040643e+01 -5.323370026203138927e+00
4.870000000000040785e+01 -5.346027100977000401e+00
4.880000000000040927e+01 -5.368799739199537235e+00
4.890000000000041069e+01 -5.391688102602323340e+00
4.900000000000041211e+01 -5.414692353495680344e+00
4.910000000000041354e+01 -5.437812654763617637e+00
4.920000000000041496e+01 -5.461049169858855912e+00
4.930000000000041638e+01 -5.484402062797883559e+00
4.940000000000041780e+01 -5.507871498156096557e+00
4.950000000000041922e+01 -5.531457641062997865e+00
4.960000000000042064e+01 -5.555160657197429686e+00
4.970000000000042206e+01 -5.578980712782903417e+00
4.980000000000042348e+01 -5.602917974582951821e+00
4.990000000000042490e+01 -5.626972609896562894e+00
5.000000000000042633e+01 -5.651144786553656374e+00
5.010000000000042775e+01 -5.675434672910615319e+00
5.020000000000042917e+01 -5.699842437845872745e+00
5.030000000000043059e+01 -5.724368250755570209e+00
5.040000000000043201e+01 -5.749012281549230607e+00
5.050000000000043343e+01 -5.773774700645525115e+00
5.060000000000043485e+01 -5.798655678968065885e+00
5.070000000000043627e+01 -5.823655387941246708e+00
5.080000000000043769e+01 -5.848773999486160946e+00
5.090000000000043912e+01 -5.874011686016533673e+00
5.100000000000044054e+01 -5.899368620434734645e+00
5.110000000000044196e+01 -5.924844976127815244e+00
5.120000000000044338e+01 -5.950440926963599608e+00
5.130000000000044480e+01 -5.976156647286836154e+00
5.140000000000044622e+01 -6.001992311915378409e+00
5.150000000000044764e+01 -6.027948096136413803e+00
5.160000000000044906e+01 -6.054024175702745758e+00
5.170000000000045048e+01 -6.080220726829113076e+00
5.180000000000045191e+01 -6.106537926188553733e+00
5.190000000000045333e+01 -6.132975950908821083e+00
5.200000000000045475e+01 -6.159534978568820485e+00
5.210000000000045617e+01 -6.186215187195117871e+00
5.220000000000045759e+01 -6.213016755258464308e+00
5.230000000000045901e+01 -6.239939861670372068e+00
5.240000000000046043e+01 -6.266984685779740438e+00
5.250000000000046185e+01 -6.294151407369500184e+00
5.260000000000046327e+01 -6.321440206653305971e+00
5.270000000000046469e+01 -6.348851264272289185e+00
5.280000000000046612e+01 -6.376384761291810754e+00
5.290000000000046754e+01 -6.404040879198273473e+00
5.300000000000046896e+01 -6.431819799895986733e+00
5.310000000000047038e+01 -6.459721705704034811e+00
5.320000000000047180e+01 -6.487746779353192217e+00
5.330000000000047322e+01 -6.515895203982900341e+00
5.340000000000047464e+01 -6.544167163138247645e+00
5.350000000000047606e+01 -6.572562840766993375e+00
5.360000000000047748e+01 -6.601082421216634799e+00
5.370000000000047891e+01 -6.629726089231504638e+00
5.380000000000048033e+01 -6.658494029949896920e+00
5.390000000000048175e+01 -6.687386428901230140e+00
5.400000000000048317e+01 -6.716403472003240616e+00
5.410000000000048459e+01 -6.745545345559218475e+00
5.420000000000048601e+01 -6.774812236255253417e+00
5.430000000000048743e+01 -6.804204331157545305e+00
5.440000000000048885e+01 -6.833721817709707658e+00
5.450000000000049027e+01 -6.863364883730130650e+00
5.460000000000049170e+01 -6.893133717409364536e+00
5.470000000000049312e+01 -6.923028507307534163e+00
5.480000000000049454e+01 -6.953049442351781906e+00
5.490000000000049596e+01 -6.983196711833734582e+00
5.500000000000049738e+01 -7.013470505407013889e+00
5.510000000000049880e+01 -7.043871013084752164e+00
5.520000000000050022e+01 -7.074398425237181876e+00
5.530000000000050164e+01 -7.105052932589180692e+00
5.540000000000050306e+01 -7.135834726217916035e+00
5.550000000000050449e+01 -7.166743997550462986e+00
5.560000000000050591e+01 -7.197780938361506564e+00
5.570000000000050733e+01 -7.228945740770989836e+00
5.580000000000050875e+01 -7.260238597241874814e+00
5.590000000000051017e+01 -7.291659700577855396e+00
5.600000000000051159e+01 -7.323209243921160017e+00
5.610000000000051301e+01 -7.354887420750324090e+00
5.620000000000051443e+01 -7.386694424878023746e+00
5.630000000000051585e+01 -7.418630450448923774e+00
5.640000000000051728e+01 -7.450695691937528231e+00
5.650000000000051870e+01 -7.482890344146113648e+00
5.660000000000052012e+01 -7.515214602202602734e+00
5.670000000000052154e+01 -7.547668661558540215e+00
5.680000000000052296e+01 -7.580252717987037592e+00
5.690000000000052438e+01 -7.612966967580777400e+00
5.700000000000052580e+01 -7.645811606749999711e+00
5.710000000000052722e+01 -7.678786832220564129e+00
5.720000000000052864e+01 -7.711892841031978918e+00
5.730000000000053006e+01 -7.745129830535492310e+00
5.740000000000053149e+01 -7.778497998392183810e+00
5.750000000000053291e+01 -7.811997542571080366e+00
5.760000000000053433e+01 -7.845628661347312516e+00
5.770000000000053575e+01 -7.879391553300258089e+00
5.780000000000053717e+01 -7.913286417311724996e+00
5.790000000000053859e+01 -7.947313452564162439e+00
5.800000000000054001e+01 -7.981472858538873894e+00
5.810000000000054143e+01 -8.015764835014266509e+00
5.820000000000054285e+01 -8.050189582064104954e+00
5.830000000000054428e+01 -8.084747300055790120e+00
5.840000000000054570e+01 -8.119438189648674253e+00
5.850000000000054712e+01 -8.154262451792344990e+00
5.860000000000054854e+01 -8.189220287725012426e+00
5.870000000000054996e+01 -8.224311898971816248e+00
5.880000000000055138e+01 -8.259537487343225237e+00
5.890000000000055280e+01 -8.294897254933426112e+00
5.900000000000055422e+01 -8.330391404118723031e+00
5.910000000000055564e+01 -8.366020137555979730e+00
5.920000000000055707e+01 -8.401783658181045666e+00
5.930000000000055849e+01 -8.437682169207237237e+00
5.940000000000055991e+01 -8.473715874123795899e+00
5.950000000000056133e+01 -8.509884976694399583e+00
5.960000000000056275e+01 -8.546189680955659895e+00
5.970000000000056417e+01 -8.582630191215670834e+00
5.980000000000056559e+01 -8.619206712052532637e+00
5.990000000000056701e+01 -8.655919448312914710e+00
6.000000000000056843e+01 -8.692768605110645197e+00
6.010000000000056986e+01 -8.729754387825298778e+00
6.020000000000057128e+01 -8.766877002100791572e+00
6.030000000000057270e+01 -8.804136653844013338e+00
6.040000000000057412e+01 -8.841533549223461463e+00
6.050000000000057554e+01 -8.879067894667908689e+00
6.060000000000057696e+01 -8.916739896865044201e+00
6.070000000000057838e+01 -8.954549762760178666e+00
6.080000000000057980e+01 -8.992497699554922619e+00
6.090000000000058122e+01 -9.030583914705925253e+00
6.100000000000058265e+01 -9.068808615923549254e+00
6.110000000000058407e+01 -9.107172011170678871e+00
6.120000000000058549e+01 -9.145674308661398300e+00
6.130000000000058691e+01 -9.184315716859828171e+00
6.140000000000058833e+01 -9.223096444478850131e+00
6.150000000000058975e+01 -9.262016700478923781e+00
6.160000000000059117e+01 -9.301076694066901851e+00
6.170000000000059259e+01 -9.340276634694834712e+00
6.180000000000059401e+01 -9.379616732058808637e+00
6.190000000000059543e+01 -9.419097196097778735e+00
6.200000000000059686e+01 -9.458718236992458728e+00
6.210000000000059828e+01 -9.498480065164152109e+00
6.220000000000059970e+01 -9.538382891273666786e+00
6.230000000000060112e+01 -9.578426926220183546e+00
6.240000000000060254e+01 -9.618612381140190237e+00
6.250000000000060396e+01 -9.658939467406380430e+00
6.260000000000060538e+01 -9.699408396626584050e+00
6.270000000000060680e+01 -9.740019380642731761e+00
6.280000000000060822e+01 -9.780772631529778494e+00
6.290000000000060965e+01 -9.821668361594690921e+00
6.300000000000061107e+01 -9.862706783375418951e+00
6.310000000000061249e+01 -9.903888109639874315e+00
6.320000000000061391e+01 -9.945212553384946474e+00
6.330000000000061533e+01 -9.986680327835504301e+00
6.340000000000061675e+01 -1.002829164644340310e+01
6.350000000000061817e+01 -1.007004672288655200e+01
6.360000000000061959e+01 -1.011194577106790149e+01
6.370000000000062101e+01 -1.015398900511456581e+01
6.380000000000062244e+01 -1.019617663937681762e+01
6.390000000000062386e+01 -1.023850888842721041e+01
6.400000000000062528e+01 -1.028098596705962109e+01
6.410000000000061959e+01 -1.032360809028839554e+01
6.420000000000062812e+01 -1.036637547334740539e+01
6.430000000000063665e+01 -1.040928833168917755e+01
6.440000000000063096e+01 -1.045234688098401321e+01
6.450000000000062528e+01 -1.049555133711913868e+01
6.460000000000063380e+01 -1.053890191619783501e+01
6.470000000000064233e+01 -1.058239883453857111e+01
6.480000000000063665e+01 -1.062604230867418842e+01
6.490000000000063096e+01 -1.066983255535106245e+01
6.500000000000063949e+01 -1.071376979152830522e+01
6.510000000000064801e+01 -1.075785423437690724e+01
6.520000000000064233e+01 -1.080208610127895241e+01
6.530000000000063665e+01 -1.084646560982686125e+01
6.540000000000064517e+01 -1.089099297782256670e+01
6.550000000000065370e+01 -1.093566842327672539e+01
6.560000000000064801e+01 -1.098049216440798226e+01
6.570000000000064233e+01 -1.102546441964221025e+01
6.580000000000065086e+01 -1.107058540761174115e+01
6.590000000000065938e+01 -1.111585534715462664e+01
6.600000000000065370e+01 -1.116127445731389933e+01
6.610000000000064801e+01 -1.120684295733687286e+01
6.620000000000065654e+01 -1.125256106667439404e+01
6.630000000000066507e+01 -1.129842900498013769e+01
6.640000000000065938e+01 -1.134444699210991914e+01
6.650000000000065370e+01 -1.139061524812098547e+01
6.660000000000066223e+01 -1.143693399327132632e+01
6.670000000000067075e+01 -1.148340344801901480e+01
6.680000000000066507e+01 -1.153002383302149525e+01
6.690000000000065938e+01 -1.157679536913496854e+01
6.700000000000066791e+01 -1.162371827741372066e+01
6.710000000000067644e+01 -1.167079277910943524e+01
6.720000000000067075e+01 -1.171801909567058075e+01
6.730000000000066507e+01 -1.176539744874180649e+01
6.740000000000067359e+01 -1.181292806016326047e+01
6.750000000000068212e+01 -1.186061115196998195e+01
6.760000000000067644e+01 -1.190844694639130452e+01
6.770000000000067075e+01 -1.195643566585025575e+01
6.780000000000067928e+01 -1.200457753296292296e+01
6.790000000000068781e+01 -1.205287277053788308e+01
6.800000000000068212e+01 -1.210132160157560754e+01
6.810000000000067644e+01 -1.214992424926789205e+01
6.820000000000068496e+01 -1.219868093699728639e+01
6.830000000000069349e+01 -1.224759188833649226e+01
6.840000000000068781e+01 -1.229665732704784453e+01
6.850000000000068212e+01 -1.234587747708273753e+01
6.860000000000069065e+01 -1.239525256258109032e+01
6.870000000000069917e+01 -1.244478280787077473e+01
6.880000000000069349e+01 -1.249446843746710556e+01
6.890000000000068781e+01 -1.254430967607231118e+01
6.900000000000069633e+01 -1.259430674857501309e+01
6.910000000000070486e+01 -1.264445988004967703e+01
6.920000000000069917e+01 -1.269476929575613866e+01
6.930000000000069349e+01 -1.274523522113907958e+01
6.940000000000070202e+01 -1.279585788182754058e+01
6.950000000000071054e+01 -1.284663750363440826e+01
6.960000000000070486e+01 -1.289757431255593012e+01
6.970000000000069917e+01 -1.294866853477126689e+01
6.980000000000070770e+01 -1.299992039664197030e+01
6.990000000000071623e+01 -1.305133012471152298e+01
7.000000000000071054e+01 -1.310289794570488908e+01
7.010000000000070486e+01 -1.315462408652803994e+01
7.020000000000071338e+01 -1.320650877426751535e+01
7.030000000000072191e+01 -1.325855223618994927e+01
7.040000000000071623e+01 -1.331075469974162750e+01
7.050000000000071054e+01 -1.336311639254809158e+01
7.060000000000071907e+01 -1.341563754241364670e+01
7.070000000000072760e+01 -1.346831837732096027e+01
7.080000000000072191e+01 -1.352115912543064269e+01
7.090000000000071623e+01 -1.357416001508081749e+01
7.100000000000072475e+01 -1.362732127478673050e+01
7.110000000000073328e+01 -1.368064313324029868e+01
7.120000000000072760e+01 -1.373412581930972642e+01
7.130000000000072191e+01 -1.378776956203914494e+01
7.140000000000073044e+01 -1.384157459064816464e+01
7.150000000000073896e+01 -1.389554113453149853e+01
7.160000000000073328e+01 -1.394966942325858739e+01
7.170000000000072760e+01 -1.400395968657321966e+01
7.180000000000073612e+01 -1.405841215439317615e+01
7.190000000000074465e+01 -1.411302705680979486e+01
7.200000000000073896e+01 -1.416780462408765651e+01
7.210000000000073328e+01 -1.422274508666423642e+01
7.220000000000074181e+01 -1.427784867514951728e+01
7.230000000000075033e+01 -1.433311562032561781e+01
7.240000000000074465e+01 -1.438854615314648555e+01
7.250000000000073896e+01 -1.444414050473753797e+01
7.260000000000074749e+01 -1.449989890639532497e+01
7.270000000000075602e+01 -1.455582158958718431e+01
7.280000000000075033e+01 -1.461190878595089337e+01
7.290000000000074465e+01 -1.466816072729439924e+01
7.300000000000075318e+01 -1.472457764559543669e+01
7.310000000000076170e+01 -1.478115977300125650e+01
7.320000000000075602e+01 -1.483790734182824878e+01
7.330000000000075033e+01 -1.489482058456170499e+01
7.340000000000075886e+01 -1.495189973385546800e+01
7.350000000000076739e+01 -1.500914502253162652e+01
7.360000000000076170e+01 -1.506655668358023803e+01
7.370000000000075602e+01 -1.512413495015901432e+01
7.380000000000076454e+01 -1.518188005559304976e+01
7.390000000000077307e+01 -1.523979223337452105e+01
7.400000000000076739e+01 -1.529787171716238348e+01
7.410000000000076170e+01 -1.535611874078215422e+01
7.420000000000077023e+01 -1.541453353822556238e+01
7.430000000000077875e+01 -1.547311634365033051e+01
7.440000000000077307e+01 -1.553186739137986017e+01
7.450000000000076739e+01 -1.559078691590300991e+01
7.460000000000077591e+01 -1.564987515187381462e+01
7.470000000000078444e+01 -1.570913233411122789e+01
7.480000000000077875e+01 -1.576855869759885564e+01
7.490000000000077307e+01 -1.582815447748473048e+01
7.500000000000078160e+01 -1.588791990908104879e+01
7.510000000000079012e+01 -1.594785522786392207e+01
7.520000000000078444e+01 -1.600796066947313179e+01
7.530000000000077875e+01 -1.606823646971194108e+01
7.540000000000078728e+01 -1.612868286454678213e+01
7.550000000000079581e+01 -1.618930009010708915e+01
7.560000000000079012e+01 -1.625008838268502487e+01
7.570000000000078444e+01 -1.631104797873530288e+01
7.580000000000079297e+01 -1.637217911487494604e+01
7.590000000000080149e+01 -1.643348202788304135e+01
7.600000000000079581e+01 -1.649495695470055168e+01
7.610000000000079012e+01 -1.655660413243011675e+01
7.620000000000079865e+01 -1.661842379833582584e+01
7.630000000000080718e+01 -1.668041618984301877e+01
7.640000000000080149e+01 -1.674258154453806213e+01
7.650000000000079581e+01 -1.680492010016818583e+01
7.660000000000080433e+01 -1.686743209464129123e+01
7.670000000000081286e+01 -1.693011776602569540e+01
7.680000000000080718e+01 -1.699297735254999608e+01
7.690000000000080149e+01 -1.705601109260287629e+01
7.700000000000081002e+01 -1.711921922473293378e+01
7.710000000000081855e+01 -1.718260198764845370e+01
7.720000000000081286e+01 -1.724615962021724513e+01
7.730000000000080718e+01 -1.730989236146650256e+01
7.740000000000081570e+01 -1.737380045058261757e+01
7.750000000000082423e+01 -1.743788412691096568e+01
7.760000000000081855e+01 -1.750214362995576778e+01
7.770000000000081286e+01 -1.756657919937996226e+01
7.780000000000082139e+01 -1.763119107500500249e+01
7.790000000000082991e+01 -1.769597949681067561e+01
7.800000000000082423e+01 -1.776094470493499244e+01
7.810000000000081855e+01 -1.782608693967402047e+01
7.820000000000082707e+01 -1.789140644148173109e+01
7.830000000000083560e+01 -1.795690345096982554e+01
7.840000000000082991e+01 -1.802257820890761764e+01
7.850000000000082423e+01 -1.808843095622189878e+01
7.860000000000083276e+01 -1.815446193399677099e+01
7.870000000000084128e+01 -1.822067138347352255e+01
7.880000000000083560e+01 -1.828705954605045747e+01
7.890000000000082991e+01 -1.835362666328283510e+01
7.900000000000083844e+01 -1.842037297688268893e+01
7.910000000000084697e+01 -1.848729872871866675e+01
7.920000000000084128e+01 -1.855440416081597732e+01
7.930000000000083560e+01 -1.862168951535621630e+01
7.940000000000084412e+01 -1.868915503467728456e+01
7.950000000000085265e+01 -1.875680096127320340e+01
7.960000000000084697e+01 -1.882462753779406839e+01
7.970000000000084128e+01 -1.889263500704589305e+01
7.980000000000084981e+01 -1.896082361199052713e+01
7.990000000000085834e+01 -1.902919359574548963e+01
