2.000000000000000000e+01 2.819254053900690060e+00
2.010000000000000142e+01 2.810337369874901903e+00
2.020000000000000284e+01 2.801576438272917358e+00
2.030000000000000426e+01 2.792969756258611547e+00
2.040000000000000568e+01 2.784515852109866962e+00
2.050000000000000711e+01 2.776213284513370905e+00
2.060000000000000853e+01 2.768060641878242745e+00
2.070000000000000995e+01 2.760056541667974539e+00
2.080000000000001137e+01 2.752199629750080589e+00
2.090000000000001279e+01 2.744488579762957237e+00
2.100000000000001421e+01 2.736922092499385784e+00
2.110000000000001563e+01 2.729498895306224249e+00
2.120000000000001705e+01 2.722217741499766142e+00
2.130000000000001847e+01 2.715077409796311514e+00
2.140000000000001990e+01 2.708076703757500425e+00
2.150000000000002132e+01 2.701214451249953186e+00
2.160000000000002274e+01 2.694489503918819473e+00
2.170000000000002416e+01 2.687900736674794899e+00
2.180000000000002558e+01 2.681447047194248423e+00
2.190000000000002700e+01 2.675127355432025400e+00
2.200000000000002842e+01 2.668940603146609192e+00
2.210000000000002984e+01 2.662885753437250536e+00
2.220000000000003126e+01 2.656961790292724057e+00
2.230000000000003268e+01 2.651167718151377972e+00
2.240000000000003411e+01 2.645502561472159453e+00
2.250000000000003553e+01 2.639965364316287477e+00
2.260000000000003695e+01 2.634555189939284503e+00
2.270000000000003837e+01 2.629271120393056549e+00
2.280000000000003979e+01 2.624112256137754340e+00
2.290000000000004121e+01 2.619077715663121086e+00
2.300000000000004263e+01 2.614166635119084869e+00
2.310000000000004405e+01 2.609378167955298977e+00
2.320000000000004547e+01 2.604711484569430802e+00
2.330000000000004690e+01 2.600165771963900863e+00
2.340000000000004832e+01 2.595740233410892106e+00
2.350000000000004974e+01 2.591434088125347923e+00
2.360000000000005116e+01 2.587246570945787472e+00
2.370000000000005258e+01 2.583176932022690497e+00
2.380000000000005400e+01 2.579224436514259367e+00
2.390000000000005542e+01 2.575388364289352694e+00
2.400000000000005684e+01 2.571668009637403607e+00
2.410000000000005826e+01 2.568062680985124135e+00
2.420000000000005969e+01 2.564571700619811878e+00
2.430000000000006111e+01 2.561194404419103066e+00
2.440000000000006253e+01 2.557930141586961970e+00
2.450000000000006395e+01 2.554778274395783200e+00
2.460000000000006537e+01 2.551738177934406604e+00
2.470000000000006679e+01 2.548809239861918208e+00
2.480000000000006821e+01 2.545990860167057335e+00
2.490000000000006963e+01 2.543282450933114003e+00
2.500000000000007105e+01 2.540683436108142956e+00
2.510000000000007248e+01 2.538193251280367768e+00
2.520000000000007390e+01 2.535811343458651113e+00
2.530000000000007532e+01 2.533537170857877108e+00
2.540000000000007674e+01 2.531370202689140925e+00
2.550000000000007816e+01 2.529309918954602665e+00
2.560000000000007958e+01 2.527355810246904699e+00
2.570000000000008100e+01 2.525507377553017463e+00
2.580000000000008242e+01 2.523764132062414678e+00
2.590000000000008384e+01 2.522125594979461649e+00
2.600000000000008527e+01 2.520591297339911829e+00
2.610000000000008669e+01 2.519160779831403296e+00
2.620000000000008811e+01 2.517833592617869432e+00
2.630000000000008953e+01 2.516609295167738125e+00
2.640000000000009095e+01 2.515487456085860885e+00
2.650000000000009237e+01 2.514467652949041288e+00
2.660000000000009379e+01 2.513549472145112151e+00
2.670000000000009521e+01 2.512732508715427304e+00
2.680000000000009663e+01 2.512016366200740425e+00
2.690000000000009805e+01 2.511400656490333727e+00
2.700000000000009948e+01 2.510884999674347196e+00
2.710000000000010090e+01 2.510469023899232432e+00
2.720000000000010232e+01 2.510152365226232973e+00
2.730000000000010374e+01 2.509934667492839111e+00
2.740000000000010516e+01 2.509815582177136406e+00
2.750000000000010658e+01 2.509794768264974163e+00
2.760000000000010800e+01 2.509871892119898806e+00
2.770000000000010942e+01 2.510046627355766446e+00
2.780000000000011084e+01 2.510318654712002218e+00
2.790000000000011227e+01 2.510687661931394921e+00
2.800000000000011369e+01 2.511153343640422531e+00
2.810000000000011511e+01 2.511715401232008205e+00
2.820000000000011653e+01 2.512373542750664157e+00
2.830000000000011795e+01 2.513127482779966115e+00
2.840000000000011937e+01 2.513976942332308173e+00
2.850000000000012079e+01 2.514921648740877647e+00
2.860000000000012221e+01 2.515961335553797973e+00
2.870000000000012363e+01 2.517095742430397465e+00
2.880000000000012506e+01 2.518324615039549297e+00
2.890000000000012648e+01 2.519647704960032986e+00
2.900000000000012790e+01 2.521064769582875176e+00
2.910000000000012932e+01 2.522575572015619993e+00
2.920000000000013074e+01 2.524179880988496549e+00
2.930000000000013216e+01 2.525877470762416976e+00
2.940000000000013358e+01 2.527668121038791682e+00
2.950000000000013500e+01 2.529551616871099196e+00
2.960000000000013642e+01 2.531527748578179970e+00
2.970000000000013785e+01 2.533596311659217282e+00
2.980000000000013927e+01 2.535757106710360365e+00
2.990000000000014069e+01 2.538009939342961374e+00
3.000000000000014211e+01 2.540354620103376426e+00
3.010000000000014353e+01 2.542790964394324504e+00
3.020000000000014495e+01 2.545318792397727403e+00
3.030000000000014637e+01 2.547937928999035595e+00
3.040000000000014779e+01 2.550648203712995166e+00
3.050000000000014921e+01 2.553449450610809190e+00
3.060000000000015064e+01 2.556341508248686889e+00
3.070000000000015206e+01 2.559324219597735706e+00
3.080000000000015348e+01 2.562397431975168338e+00
3.090000000000015490e+01 2.565560996976804287e+00
3.100000000000015632e+01 2.568814770410824178e+00
3.110000000000015774e+01 2.572158612232765762e+00
3.120000000000015916e+01 2.575592386481721174e+00
3.130000000000016058e+01 2.579115961217715469e+00
3.140000000000016200e+01 2.582729208460246895e+00
3.150000000000016342e+01 2.586432004127954709e+00
3.160000000000016485e+01 2.590224227979388338e+00
3.170000000000016627e+01 2.594105763554870769e+00
3.180000000000016769e+01 2.598076498119420208e+00
3.190000000000016911e+01 2.602136322606703356e+00
3.200000000000017053e+01 2.606285131564008761e+00
3.210000000000017195e+01 2.610522823098227363e+00
3.220000000000017337e+01 2.614849298822784718e+00
3.230000000000017479e+01 2.619264463805547116e+00
3.240000000000017621e+01 2.623768226517655844e+00
3.250000000000017764e+01 2.628360498783272714e+00
3.260000000000017906e+01 2.633041195730227102e+00
3.270000000000018048e+01 2.637810235741536502e+00
3.280000000000018190e+01 2.642667540407793947e+00
3.290000000000018332e+01 2.647613034480387206e+00
3.300000000000018474e+01 2.652646645825551541e+00
3.310000000000018616e+01 2.657768305379228035e+00
3.320000000000018758e+01 2.662977947102712850e+00
3.330000000000018900e+01 2.668275507939076974e+00
3.340000000000019043e+01 2.673660927770362239e+00
3.350000000000019185e+01 2.679134149375502094e+00
3.360000000000019327e+01 2.684695118388988000e+00
3.370000000000019469e+01 2.690343783260236155e+00
3.380000000000019611e+01 2.696080095213674088e+00
3.390000000000019753e+01 2.701904008209495167e+00
3.400000000000019895e+01 2.707815478905097439e+00
3.410000000000020037e+01 2.713814466617179733e+00
3.420000000000020179e+01 2.719900933284485234e+00
3.430000000000020322e+01 2.726074843431175232e+00
3.440000000000020464e+01 2.732336164130833023e+00
3.450000000000020606e+01 2.738684864971066890e+00
3.460000000000020748e+01 2.745120918018720158e+00
3.470000000000020890e+01 2.751644297785658999e+00
3.480000000000021032e+01 2.758254981195141564e+00
3.490000000000021174e+01 2.764952947548746653e+00
3.500000000000021316e+01 2.771738178493854843e+00
3.510000000000021458e+01 2.778610657991676280e+00
3.520000000000021600e+01 2.785570372285799401e+00
3.530000000000021743e+01 2.792617309871272990e+00
3.540000000000021885e+01 2.799751461464194513e+00
3.550000000000022027e+01 2.806972819971796707e+00
3.560000000000022169e+01 2.814281380463028004e+00
3.570000000000022311e+01 2.821677140139620565e+00
3.580000000000022453e+01 2.829160098307626825e+00
3.590000000000022595e+01 2.836730256349417445e+00
3.600000000000022737e+01 2.844387617696145121e+00
3.610000000000022879e+01 2.852132187800645369e+00
3.620000000000023022e+01 2.859963974110783624e+00
3.630000000000023164e+01 2.867882986043224225e+00
3.640000000000023306e+01 2.875889234957637264e+00
3.650000000000023448e+01 2.883982734131300685e+00
3.660000000000023590e+01 2.892163498734125593e+00
3.670000000000023732e+01 2.900431545804073696e+00
3.680000000000023874e+01 2.908786894222961550e+00
3.690000000000024016e+01 2.917229564692672916e+00
3.700000000000024158e+01 2.925759579711712188e+00
3.710000000000024301e+01 2.934376963552162376e+00
3.720000000000024443e+01 2.943081742236989040e+00
3.730000000000024585e+01 2.951873943517708820e+00
3.740000000000024727e+01 2.960753596852404357e+00
3.750000000000024869e+01 2.969720733384090039e+00
3.760000000000025011e+01 2.978775385919405938e+00
3.770000000000025153e+01 2.987917588907660349e+00
3.780000000000025295e+01 2.997147378420180086e+00
3.790000000000025437e+01 3.006464792130000507e+00
3.800000000000025580e+01 3.015869869291843752e+00
3.810000000000025722e+01 3.025362650722443369e+00
3.820000000000025864e+01 3.034943178781134066e+00
3.830000000000026006e+01 3.044611497350770968e+00
3.840000000000026148e+01 3.054367651818915341e+00
3.850000000000026290e+01 3.064211689059333832e+00
3.860000000000026432e+01 3.074143657413758834e+00
3.870000000000026574e+01 3.084163606673940183e+00
3.880000000000026716e+01 3.094271588063961520e+00
3.890000000000026859e+01 3.104467654222833772e+00
3.900000000000027001e+01 3.114751859187341321e+00
3.910000000000027143e+01 3.125124258375151509e+00
3.920000000000027285e+01 3.135584908568185281e+00
3.930000000000027427e+01 3.146133867896228509e+00
3.940000000000027569e+01 3.156771195820788467e+00
3.950000000000027711e+01 3.167496953119198544e+00
3.960000000000027853e+01 3.178311201868964542e+00
3.970000000000027995e+01 3.189214005432315258e+00
3.980000000000028137e+01 3.200205428441027955e+00
3.990000000000028280e+01 3.211285536781440797e+00
4.000000000000028422e+01 3.222454397579699759e+00
4.010000000000028564e+01 3.233712079187228028e+00
4.020000000000028706e+01 3.245058651166407238e+00
4.030000000000028848e+01 3.256494184276456316e+00
4.040000000000028990e+01 3.268018750459542598e+00
4.050000000000029132e+01 3.279632422827065685e+00
4.060000000000029274e+01 3.291335275646169123e+00
4.070000000000029416e+01 3.303127384326429716e+00
4.080000000000029559e+01 3.315008825406743131e+00
4.090000000000029701e+01 3.326979676542412001e+00
4.100000000000029843e+01 3.339040016492403673e+00
4.110000000000029985e+01 3.351189925106803358e+00
4.120000000000030127e+01 3.363429483314444024e+00
4.130000000000030269e+01 3.375758773110709043e+00
4.140000000000030411e+01 3.388177877545521799e+00
4.150000000000030553e+01 3.400686880711498272e+00
4.160000000000030695e+01 3.413285867732262169e+00
4.170000000000030838e+01 3.425974924750946560e+00
4.180000000000030980e+01 3.438754138918840297e+00
4.190000000000031122e+01 3.451623598384200520e+00
4.200000000000031264e+01 3.464583392281229912e+00
4.210000000000031406e+01 3.477633610719202295e+00
4.220000000000031548e+01 3.490774344771740090e+00
4.230000000000031690e+01 3.504005686466252989e+00
4.240000000000031832e+01 3.517327728773513851e+00
4.250000000000031974e+01 3.530740565597384251e+00
4.260000000000032117e+01 3.544244291764684807e+00
4.270000000000032259e+01 3.557839003015206725e+00
4.280000000000032401e+01 3.571524795991862344e+00
4.290000000000032543e+01 3.585301768230964914e+00
4.300000000000032685e+01 3.599170018152662021e+00
4.310000000000032827e+01 3.613129645051476935e+00
4.320000000000032969e+01 3.627180749086996503e+00
4.330000000000033111e+01 3.641323431274686939e+00
4.340000000000033253e+01 3.655557793476827300e+00
4.350000000000033396e+01 3.669883938393577072e+00
4.360000000000033538e+01 3.684301969554151679e+00
4.370000000000033680e+01 3.698811991308141423e+00
4.380000000000033822e+01 3.713414108816925463e+00
4.390000000000033964e+01 3.728108428045212808e+00
4.400000000000034106e+01 3.742895055752703648e+00
4.410000000000034248e+01 3.757774099485852393e+00
4.420000000000034390e+01 3.772745667569751049e+00
4.430000000000034532e+01 3.787809869100114746e+00
4.440000000000034674e+01 3.802966813935382717e+00
4.450000000000034817e+01 3.818216612688921430e+00
4.460000000000034959e+01 3.833559376721332512e+00
4.470000000000035101e+01 3.848995218132859719e+00
4.480000000000035243e+01 3.864524249755909135e+00
4.490000000000035385e+01 3.880146585147654648e+00
4.500000000000035527e+01 3.895862338582757101e+00
4.510000000000035669e+01 3.911671625046162504e+00
4.520000000000035811e+01 3.927574560226011258e+00
4.530000000000035953e+01 3.943571260506633536e+00
4.540000000000036096e+01 3.959661842961642808e+00
4.550000000000036238e+01 3.975846425347106194e+00
4.560000000000036380e+01 3.992125126094828058e+00
4.570000000000036522e+01 4.008498064305702435e+00
4.580000000000036664e+01 4.024965359743154281e+00
4.590000000000036806e+01 4.041527132826685964e+00
4.600000000000036948e+01 4.058183504625477944e+00
4.610000000000037090e+01 4.074934596852097357e+00
4.620000000000037232e+01 4.091780531856277214e+00
4.630000000000037375e+01 4.108721432618779090e+00
4.640000000000037517e+01 4.125757422745337522e+00
4.650000000000037659e+01 4.142888626460675461e+00
4.660000000000037801e+01 4.160115168602607660e+00
4.670000000000037943e+01 4.177437174616210669e+00
4.680000000000038085e+01 4.194854770548075429e+00
4.690000000000038227e+01 4.212368083040629152e+00
4.700000000000038369e+01 4.229977239326527361e+00
4.710000000000038511e+01 4.247682367223128530e+00
4.720000000000038654e+01 4.265483595127024685e+00
4.730000000000038796e+01 4.283381052008657264e+00
4.740000000000038938e+01 4.301374867406986269e+00
4.750000000000039080e+01 4.319465171424243799e+00
4.760000000000039222e+01 4.337652094720733764e+00
4.770000000000039364e+01 4.355935768509722195e+00
4.780000000000039506e+01 4.374316324552369295e+00
4.790000000000039648e+01 4.392793895152735217e+00
4.800000000000039790e+01 4.411368613152858664e+00
4.810000000000039933e+01 4.430040611927877237e+00
4.820000000000040075e+01 4.448810025381222388e+00
4.830000000000040217e+01 4.467676987939878330e+00
4.840000000000040359e+01 4.486641634549680902e+00
4.850000000000040501e+01 4.505704100670699930e+00
4.860000000000040643e+01 4.524864522272667777e+00
4.870000000000040785e+01 4.544123035830449631e+00
4.880000000000040927e+01 4.563479778319606162e+00
4.890000000000041069e+01 4.582934887211973951e+00
4.900000000000041211e+01 4.602488500471327626e+00
4.910000000000041354e+01 4.622140756549075746e+00
4.920000000000041496e+01 4.641891794380028635e+00
4.930000000000041638e+01 4.661741753378201736e+00
4.940000000000041780e+01 4.681690773432682029e+00
4.950000000000041922e+01 4.701738994903547741e+00
4.960000000000042064e+01 4.721886558617814700e+00
4.970000000000042206e+01 4.742133605865467949e+00
4.980000000000042348e+01 4.762480278395509359e+00
4.990000000000042490e+01 4.782926718412078948e+00
5.000000000000042633e+01 4.803473068570608184e+00
5.010000000000042775e+01 4.824119471974023021e+00
5.020000000000042917e+01 4.844866072168992233e+00
5.030000000000043059e+01 4.865713013142234367e+00
5.040000000000043201e+01 4.886660439316846016e+00
5.050000000000043343e+01 4.907708495548695815e+00
5.060000000000043485e+01 4.928857327122855736e+00
5.070000000000043627e+01 4.950107079750059924e+00
5.080000000000043769e+01 4.971457899563236360e+00
5.090000000000043912e+01 4.992909933114054510e+00
5.100000000000044054e+01 5.014463327369524492e+00
5.110000000000044196e+01 5.036118229708642424e+00
5.120000000000044338e+01 5.057874787919059756e+00
5.130000000000044480e+01 5.079733150193811220e+00
5.140000000000044622e+01 5.101693465128071203e+00
5.150000000000044764e+01 5.123755881715950977e+00
5.160000000000044906e+01 5.145920549347334116e+00
5.170000000000045048e+01 5.168187617804744782e+00
5.180000000000045191e+01 5.190557237260270185e+00
5.190000000000045333e+01 5.213029558272498143e+00
5.200000000000045475e+01 5.235604731783497279e+00
5.210000000000045617e+01 5.258282909115849613e+00
5.220000000000045759e+01 5.281064241969694706e+00
5.230000000000045901e+01 5.303948882419816435e+00
5.240000000000046043e+01 5.326936982912778618e+00
5.250000000000046185e+01 5.350028696264074846e+00
5.260000000000046327e+01 5.373224175655310297e+00
5.270000000000046469e+01 5.396523574631445719e+00
5.280000000000046612e+01 5.419927047098038742e+00
5.290000000000046754e+01 5.443434747318531386e+00
5.300000000000046896e+01 5.467046829911589079e+00
5.310000000000047038e+01 5.490763449848428124e+00
5.320000000000047180e+01 5.514584762450212452e+00
5.330000000000047322e+01 5.538510923385465468e+00
5.340000000000047464e+01 5.562542088667510320e+00
5.350000000000047606e+01 5.586678414651943925e+00
5.360000000000047748e+01 5.610920058034139402e+00
5.370000000000047891e+01 5.635267175846779608e+00
5.380000000000048033e+01 5.659719925457412870e+00
5.390000000000048175e+01 5.684278464566045130e+00
5.400000000000048317e+01 5.708942951202754301e+00
5.410000000000048459e+01 5.733713543725334816e+00
5.420000000000048601e+01 5.758590400816965271e+00
5.430000000000048743e+01 5.783573681483913376e+00
5.440000000000048885e+01 5.808663545053251553e+00
5.450000000000049027e+01 5.833860151170610742e+00
5.460000000000049170e+01 5.859163659797959944e+00
5.470000000000049312e+01 5.884574231211403550e+00
5.480000000000049454e+01 5.910092025999015064e+00
5.490000000000049596e+01 5.935717205058674395e+00
5.500000000000049738e+01 5.961449929595961983e+00
5.510000000000049880e+01 5.987290361122039606e+00
5.520000000000050022e+01 6.013238661451604017e+00
5.530000000000050164e+01 6.039294992700803277e+00
5.540000000000050306e+01 6.065459517285228586e+00
5.550000000000050449e+01 6.091732397917892783e+00
5.560000000000050591e+01 6.118113797607279913e+00
5.570000000000050733e+01 6.144603879655340606e+00
5.580000000000050875e+01 6.171202807655593148e+00
5.590000000000051017e+01 6.197910745491177487e+00
5.600000000000051159e+01 6.224727857332985614e+00
5.610000000000051301e+01 6.251654307637775077e+00
5.620000000000051443e+01 6.278690261146319784e+00
5.630000000000051585e+01 6.305835882881584809e+00
5.640000000000051728e+01 6.333091338146899396e+00
5.650000000000051870e+01 6.360456792524196601e+00
5.660000000000052012e+01 6.387932411872212057e+00
5.670000000000052154e+01 6.415518362324758250e+00
5.680000000000052296e+01 6.443214810288981020e+00
5.690000000000052438e+01 6.471021922443660479e+00
5.700000000000052580e+01 6.498939865737499488e+00
5.710000000000052722e+01 6.526968807387478755e+00
5.720000000000052864e+01 6.555108914877182613e+00
5.730000000000053006e+01 6.583360355955169219e+00
5.740000000000053149e+01 6.611723298633356727e+00
5.750000000000053291e+01 6.640197911185417468e+00
5.760000000000053433e+01 6.668784362145216527e+00
5.770000000000053575e+01 6.697482820305219242e+00
5.780000000000053717e+01 6.726293454714965314e+00
5.790000000000053859e+01 6.755216434679537585e+00
5.800000000000054001e+01 6.784251929758043254e+00
5.810000000000054143e+01 6.813400109762126178e+00
5.820000000000054285e+01 6.842661144754488944e+00
5.830000000000054428e+01 6.872035205047422934e+00
5.840000000000054570e+01 6.901522461201372138e+00
5.850000000000054712e+01 6.931123084023493419e+00
5.860000000000054854e+01 6.960837244566259407e+00
5.870000000000054996e+01 6.990665114126044521e+00
5.880000000000055138e+01 7.020606864241740297e+00
5.890000000000055280e+01 7.050662666693411573e+00
5.900000000000055422e+01 7.080832693500913599e+00
5.910000000000055564e+01 7.111117116922581971e+00
5.920000000000055707e+01 7.141516109453887928e+00
5.930000000000055849e+01 7.172029843826151385e+00
5.940000000000055991e+01 7.202658493005225537e+00
5.950000000000056133e+01 7.233402230190239202e+00
5.960000000000056275e+01 7.264261228812310733e+00
5.970000000000056417e+01 7.295235662533318788e+00
5.980000000000056559e+01 7.326325705244652653e+00
5.990000000000056701e+01 7.357531531065976793e+00
6.000000000000056843e+01 7.388853314344048684e+00
6.010000000000056986e+01 7.420291229651503784e+00
6.020000000000057128e+01 7.451845451785671592e+00
6.030000000000057270e+01 7.483516155767411249e+00
6.040000000000057412e+01 7.515303516839942688e+00
6.050000000000057554e+01 7.547207710467721320e+00
6.060000000000057696e+01 7.579228912335287838e+00
6.070000000000057838e+01 7.611367298346151777e+00
6.080000000000057980e+01 7.643623044621683960e+00
6.090000000000058122e+01 7.675996327500035576e+00
6.100000000000058265e+01 7.708487323535016422e+00
6.110000000000058407e+01 7.741096209495077041e+00
6.120000000000058549e+01 7.773823162362186956e+00
6.130000000000058691e+01 7.806668359330853235e+00
6.140000000000058833e+01 7.839631977807020924e+00
6.150000000000058975e+01 7.872714195407085391e+00
6.160000000000059117e+01 7.905915189956865596e+00
6.170000000000059259e+01 7.939235139490609328e+00
6.180000000000059401e+01 7.972674222249986897e+00
6.190000000000059543e+01 8.006232616683110592e+00
6.200000000000059686e+01 8.039910501443589652e+00
6.210000000000059828e+01 8.073708055389529292e+00
6.220000000000059970e+01 8.107625457582615880e+00
6.230000000000060112e+01 8.141662887287155925e+00
6.240000000000060254e+01 8.175820523969159481e+00
6.250000000000060396e+01 8.210098547295423543e+00
6.260000000000060538e+01 8.244497137132597686e+00
6.270000000000060680e+01 8.279016473546322530e+00
6.280000000000060822e+01 8.313656736800311364e+00
6.290000000000060965e+01 8.348418107355486839e+00
6.300000000000061107e+01 8.383300765869105220e+00
6.310000000000061249e+01 8.418304893193893079e+00
6.320000000000061391e+01 8.453430670377205303e+00
6.330000000000061533e+01 8.488678278660177767e+00
6.340000000000061675e+01 8.524047899476892454e+00
6.350000000000061817e+01 8.559539714453569204e+00
6.360000000000061959e+01 8.595153905407716621e+00
6.370000000000062101e+01 8.630890654347380675e+00
6.380000000000062244e+01 8.666750143470295598e+00
6.390000000000062386e+01 8.702732555163128936e+00
6.400000000000062528e+01 8.738838072000678636e+00
6.410000000000061959e+01 8.775066876745134081e+00
6.420000000000062812e+01 8.811419152345294492e+00
6.430000000000063665e+01 8.847895081935799766e+00
6.440000000000063096e+01 8.884494848836412828e+00
6.450000000000062528e+01 8.921218636551268233e+00
6.460000000000063380e+01 8.958066628768159845e+00
6.470000000000064233e+01 8.995039009357787663e+00
6.480000000000063665e+01 9.032135962373059712e+00
6.490000000000063096e+01 9.069357672048402819e+00
6.500000000000063949e+01 9.106704322799060947e+00
6.510000000000064801e+01 9.144176099220370446e+00
6.520000000000064233e+01 9.181773186087109906e+00
6.530000000000063665e+01 9.219495768352832243e+00
6.540000000000064517e+01 9.257344031149180807e+00
6.550000000000065370e+01 9.295318159785214363e+00
6.560000000000064801e+01 9.333418339746783587e+00
6.570000000000064233e+01 9.371644756695877376e+00
6.580000000000065086e+01 9.409997596469981573e+00
6.590000000000065938e+01 9.448477045081432379e+00
6.600000000000065370e+01 9.487083288716814167e+00
6.610000000000064801e+01 9.525816513736341307e+00
6.620000000000065654e+01 9.564676906673234669e+00
6.630000000000066507e+01 9.603664654233117659e+00
6.640000000000065938e+01 9.642779943293430023e+00
6.650000000000065370e+01 9.682022960902838093e+00
6.660000000000066223e+01 9.721393894280627279e+00
6.670000000000067075e+01 9.760892930816162050e+00
6.680000000000066507e+01 9.800520258068269541e+00
6.690000000000065938e+01 9.840276063764722636e+00
6.700000000000066791e+01 9.880160535801662647e+00
6.710000000000067644e+01 9.920173862243018448e+00
6.720000000000067075e+01 9.960316231319993108e+00
6.730000000000066507e+01 1.000058783143053631e+01
6.740000000000067359e+01 1.004098885113877060e+01
6.750000000000068212e+01 1.008151947917448510e+01
6.760000000000067644e+01 1.012217990443260973e+01
6.770000000000067075e+01 1.016297031597271783e+01
6.780000000000067928e+01 1.020389090301848256e+01
6.790000000000068781e+01 1.024494185495720089e+01
6.800000000000068212e+01 1.028612336133926775e+01
6.810000000000067644e+01 1.032743561187770709e+01
6.820000000000068496e+01 1.036887879644769406e+01
6.830000000000069349e+01 1.041045310508601851e+01
6.840000000000068781e+01 1.045215872799066581e+01
6.850000000000068212e+01 1.049399585552032654e+01
6.860000000000069065e+01 1.053596467819392402e+01
6.870000000000069917e+01 1.057806538669015772e+01
6.880000000000069349e+01 1.062029817184703973e+01
6.890000000000068781e+01 1.066266322466146477e+01
6.900000000000069633e+01 1.070516073628876086e+01
6.910000000000070486e+01 1.074779089804222565e+01
6.920000000000069917e+01 1.079055390139271786e+01
6.930000000000069349e+01 1.083344993796821676e+01
6.940000000000070202e+01 1.087647919955340825e+01
6.950000000000071054e+01 1.091964187808924791e+01
6.960000000000070486e+01 1.096293816567253998e+01
6.970000000000069917e+01 1.100636825455557677e+01
6.980000000000070770e+01 1.104993233714567502e+01
6.990000000000071623e+01 1.109363060600479578e+01
7.000000000000071054e+01 1.113746325384915536e+01
7.010000000000070486e+01 1.118143047354883279e+01
7.020000000000071338e+01 1.122553245812738787e+01
7.030000000000072191e+01 1.126976940076145794e+01
7.040000000000071623e+01 1.131414149478038311e+01
7.050000000000071054e+01 1.135864893366587580e+01
7.060000000000071907e+01 1.140329191105159801e+01
7.070000000000072760e+01 1.144807062072281667e+01
7.080000000000072191e+01 1.149298525661604486e+01
7.090000000000071623e+01 1.153803601281869540e+01
7.100000000000072475e+01 1.158322308356872199e+01
7.110000000000073328e+01 1.162854666325425335e+01
7.120000000000072760e+01 1.167400694641326631e+01
7.130000000000072191e+01 1.171960412773327320e+01
7.140000000000073044e+01 1.176533840205093995e+01
7.150000000000073896e+01 1.181120996435177517e+01
7.160000000000073328e+01 1.185721900976979803e+01
7.170000000000072760e+01 1.190336573358723626e+01
7.180000000000073612e+01 1.194965033123419929e+01
7.190000000000074465e+01 1.199607299828832474e+01
7.200000000000073896e+01 1.204263393047450670e+01
7.210000000000073328e+01 1.208933332366460078e+01
7.220000000000074181e+01 1.213617137387709022e+01
7.230000000000075033e+01 1.218314827727677496e+01
7.240000000000074465e+01 1.223026423017451236e+01
7.250000000000073896e+01 1.227751942902690629e+01
7.260000000000074749e+01 1.232491407043602472e+01
7.270000000000075602e+01 1.237244835114910657e+01
7.280000000000075033e+01 1.242012246805825804e+01
7.290000000000074465e+01 1.246793661820023935e+01
7.300000000000075318e+01 1.251589099875612199e+01
7.310000000000076170e+01 1.256398580705106838e+01
7.320000000000075602e+01 1.261222124055401039e+01
7.330000000000075033e+01 1.266059749687744862e+01
7.340000000000075886e+01 1.270911477377714682e+01
7.350000000000076739e+01 1.275777326915188148e+01
7.360000000000076170e+01 1.280657318104320375e+01
7.370000000000075602e+01 1.285551470763516058e+01
7.380000000000076454e+01 1.290459804725409221e+01
7.390000000000077307e+01 1.295382339836834262e+01
7.400000000000076739e+01 1.300319095958802507e+01
7.410000000000076170e+01 1.305270092966483197e+01
7.420000000000077023e+01 1.310235350749172767e+01
7.430000000000077875e+01 1.315214889210278315e+01
7.440000000000077307e+01 1.320208728267288301e+01
7.450000000000076739e+01 1.325216887851755665e+01
7.460000000000077591e+01 1.330239387909274029e+01
7.470000000000078444e+01 1.335276248399454246e+01
7.480000000000077875e+01 1.340327489295902730e+01
7.490000000000077307e+01 1.345393130586202091e+01
7.500000000000078160e+01 1.350473192271889111e+01
7.510000000000079012e+01 1.355567694368433251e+01
7.520000000000078444e+01 1.360676656905216397e+01
7.530000000000077875e+01 1.365800099925514921e+01
7.540000000000078728e+01 1.370938043486476410e+01
7.550000000000079581e+01 1.376090507659102791e+01
7.560000000000079012e+01 1.381257512528226883e+01
7.570000000000078444e+01 1.386439078192500851e+01
7.580000000000079297e+01 1.391635224764370449e+01
7.590000000000080149e+01 1.396845972370058675e+01
7.600000000000079581e+01 1.402071341149546591e+01
7.610000000000079012e+01 1.407311351256559817e+01
7.620000000000079865e+01 1.412566022858545267e+01
7.630000000000080718e+01 1.417835376136656578e+01
7.640000000000080149e+01 1.423119431285735281e+01
7.650000000000079581e+01 1.428418208514295706e+01
7.660000000000080433e+01 1.433731728044509701e+01
7.670000000000081286e+01 1.439060010112184251e+01
7.680000000000080718e+01 1.444403074966749578e+01
7.690000000000080149e+01 1.449760942871244573e+01
7.700000000000081002e+01 1.455133634102299389e+01
7.710000000000081855e+01 1.460521168950118565e+01
7.720000000000081286e+01 1.465923567718465925e+01
7.730000000000080718e+01 1.471340850724652682e+01
7.740000000000081570e+01 1.476773038299522156e+01
7.750000000000082423e+01 1.482220150787431834e+01
7.760000000000081855e+01 1.487682208546240226e+01
7.770000000000081286e+01 1.493159231947296739e+01
7.780000000000082139e+01 1.498651241375425336e+01
7.790000000000082991e+01 1.504158257228907303e+01
7.800000000000082423e+01 1.509680299919474322e+01
7.810000000000081855e+01 1.515217389872291776e+01
7.820000000000082707e+01 1.520769547525947019e+01
7.830000000000083560e+01 1.526336793332435171e+01
7.840000000000082991e+01 1.531919147757147570e+01
7.850000000000082423e+01 1.537516631278861468e+01
7.860000000000083276e+01 1.543129264389725464e+01
7.870000000000084128e+01 1.548757067595249204e+01
7.880000000000083560e+01 1.554400061414288814e+01
7.890000000000082991e+01 1.560058266379041036e+01
7.900000000000083844e+01 1.565731703035028488e+01
7.910000000000084697e+01 1.571420391941086692e+01
7.920000000000084128e+01 1.577124353669357859e+01
7.930000000000083560e+01 1.582843608805278457e+01
7.940000000000084412e+01 1.588578177947569081e+01
7.950000000000085265e+01 1.594328081708222200e+01
7.960000000000084697e+01 1.600093340712495760e+01
7.970000000000084128e+01 1.605873975598900927e+01
7.980000000000084981e+01 1.611670007019194628e+01
7.990000000000085834e+01 1.617481455638366583e+01
