2.000000000000000000e+01 6.009837192890887358e+00
2.010000000000000142e+01 6.059049828400302928e+00
2.020000000000000284e+01 6.108236139572767343e+00
2.030000000000000426e+01 6.157390963093738456e+00
2.040000000000000568e+01 6.206509118499967670e+00
2.050000000000000711e+01 6.255585409432421251e+00
2.060000000000000853e+01 6.304614624909160803e+00
2.070000000000000995e+01 6.353591540617529176e+00
2.080000000000001137e+01 6.402510920225118696e+00
2.090000000000001279e+01 6.451367516708841343e+00
2.100000000000001421e+01 6.500156073701546688e+00
2.110000000000001563e+01 6.548871326855441488e+00
2.120000000000001705e+01 6.597508005221699001e+00
2.130000000000001847e+01 6.646060832645530603e+00
2.140000000000001990e+01 6.694524529175991390e+00
2.150000000000002132e+01 6.742893812489806571e+00
2.160000000000002274e+01 6.791163399328414840e+00
2.170000000000002416e+01 6.839328006947508420e+00
2.180000000000002558e+01 6.887382354578195809e+00
2.190000000000002700e+01 6.935321164899060697e+00
2.200000000000002842e+01 6.983139165518210234e+00
2.210000000000002984e+01 7.030831090464493727e+00
2.220000000000003126e+01 7.078391681687028480e+00
2.230000000000003268e+01 7.125815690562170346e+00
2.240000000000003411e+01 7.173097879406987509e+00
2.250000000000003553e+01 7.220233022998379546e+00
2.260000000000003695e+01 7.267215910096893161e+00
2.270000000000003837e+01 7.314041344974338443e+00
2.280000000000003979e+01 7.360704148944210878e+00
2.290000000000004121e+01 7.407199161894038930e+00
2.300000000000004263e+01 7.453521243818618025e+00
2.310000000000004405e+01 7.499665276353258747e+00
2.320000000000004547e+01 7.545626164305971884e+00
2.330000000000004690e+01 7.591398837187711912e+00
2.340000000000004832e+01 7.636978250739614893e+00
2.350000000000004974e+01 7.682359388456301730e+00
2.360000000000005116e+01 7.727537263104210297e+00
2.370000000000005258e+01 7.772506918234010520e+00
2.380000000000005400e+01 7.817263429686068577e+00
2.390000000000005542e+01 7.861801907088001862e+00
2.400000000000005684e+01 7.906117495343309542e+00
2.410000000000005826e+01 7.950205376110115019e+00
2.420000000000005969e+01 7.994060769269027311e+00
2.430000000000006111e+01 8.037678934379119511e+00
2.440000000000006253e+01 8.081055172121109464e+00
2.450000000000006395e+01 8.124184825726716852e+00
2.460000000000006537e+01 8.167063282393275614e+00
2.470000000000006679e+01 8.209685974682644272e+00
2.480000000000006821e+01 8.252048381903483332e+00
2.490000000000006963e+01 8.294146031475955638e+00
2.500000000000007105e+01 8.335974500277947286e+00
2.510000000000007248e+01 8.377529415971940452e+00
2.520000000000007390e+01 8.418806458311575369e+00
2.530000000000007532e+01 8.459801360427121608e+00
2.540000000000007674e+01 8.500509910088926091e+00
2.550000000000007816e+01 8.540927950948066893e+00
2.560000000000007958e+01 8.581051383753347750e+00
2.570000000000008100e+01 8.620876167543848112e+00
2.580000000000008242e+01 8.660398320816273809e+00
2.590000000000008384e+01 8.699613922666312504e+00
2.600000000000008527e+01 8.738519113903279845e+00
2.610000000000008669e+01 8.777110098137358207e+00
2.620000000000008811e+01 8.815383142838671304e+00
2.630000000000008953e+01 8.853334580367651085e+00
2.640000000000009095e+01 8.890960808975913565e+00
2.650000000000009237e+01 8.928258293777135535e+00
2.660000000000009379e+01 8.965223567687294448e+00
2.670000000000009521e+01 9.001853232333735022e+00
2.680000000000009663e+01 9.038143958932472799e+00
2.690000000000009805e+01 9.074092489133322559e+00
2.700000000000009948e+01 9.109695635832279592e+00
2.710000000000010090e+01 9.144950283950747050e+00
2.720000000000010232e+01 9.179853391181200806e+00
2.730000000000010374e+01 9.214401988698869062e+00
2.740000000000010516e+01 9.248593181839085631e+00
2.750000000000010658e+01 9.282424150739984725e+00
2.760000000000010800e+01 9.315892150950231709e+00
2.770000000000010942e+01 9.348994514001516265e+00
2.780000000000011084e+01 9.381728647945571709e+00
2.790000000000011227e+01 9.414092037855539274e+00
2.800000000000011369e+01 9.446082246291441109e+00
2.810000000000011511e+01 9.477696913729673156e+00
2.820000000000011653e+01 9.508933758956366944e+00
2.830000000000011795e+01 9.539790579424570538e+00
2.840000000000011937e+01 9.570265251575138521e+00
2.850000000000012079e+01 9.600355731121378966e+00
2.860000000000012221e+01 9.630060053297405886e+00
2.870000000000012363e+01 9.659376333070269993e+00
2.880000000000012506e+01 9.688302765315924603e+00
2.890000000000012648e+01 9.716837624959115516e+00
2.900000000000012790e+01 9.744979267077344076e+00
2.910000000000012932e+01 9.772726126969047300e+00
2.920000000000013074e+01 9.800076720186165602e+00
2.930000000000013216e+01 9.827029642531337927e+00
2.940000000000013358e+01 9.853583570019958771e+00
2.950000000000013500e+01 9.879737258807347544e+00
2.960000000000013642e+01 9.905489545081341163e+00
2.970000000000013785e+01 9.930839344920640244e+00
2.980000000000013927e+01 9.955785654119225114e+00
2.990000000000014069e+01 9.980327547977234204e+00
3.000000000000014211e+01 1.000446418105872937e+01
3.010000000000014353e+01 1.002819478691667676e+01
3.020000000000014495e+01 1.005151867778570107e+01
3.030000000000014637e+01 1.007443524424300030e+01
3.040000000000014779e+01 1.009694395483791318e+01
3.050000000000014921e+01 1.011904435569069527e+01
3.060000000000015064e+01 1.014073607006096900e+01
3.070000000000015206e+01 1.016201879788643758e+01
3.080000000000015348e+01 1.018289231529240269e+01
3.090000000000015490e+01 1.020335647407268098e+01
3.100000000000015632e+01 1.022341120114250757e+01
3.110000000000015774e+01 1.024305649796405504e+01
3.120000000000015916e+01 1.026229243994518825e+01
3.130000000000016058e+01 1.028111917581207813e+01
3.140000000000016200e+01 1.029953692695638878e+01
3.150000000000016342e+01 1.031754598675762757e+01
3.160000000000016485e+01 1.033514671988142553e+01
3.170000000000016627e+01 1.035233956155436275e+01
3.180000000000016769e+01 1.036912501681607424e+01
3.190000000000016911e+01 1.038550365974937151e+01
3.200000000000017053e+01 1.040147613268905324e+01
3.210000000000017195e+01 1.041704314541013154e+01
3.220000000000017337e+01 1.043220547429626421e+01
3.230000000000017479e+01 1.044696396148905571e+01
3.240000000000017621e+01 1.046131951401901183e+01
3.250000000000017764e+01 1.047527310291889791e+01
3.260000000000017906e+01 1.048882576232021258e+01
3.270000000000018048e+01 1.050197858853357680e+01
3.280000000000018190e+01 1.051473273911374662e+01
3.290000000000018332e+01 1.052708943191003321e+01
3.300000000000018474e+01 1.053904994410286733e+01
3.310000000000018616e+01 1.055061561122727554e+01
3.320000000000018758e+01 1.056178782618398593e+01
3.330000000000018900e+01 1.057256803823897684e+01
3.340000000000019043e+01 1.058295775201211697e+01
3.350000000000019185e+01 1.059295852645573710e+01
3.360000000000019327e+01 1.060257197382380845e+01
3.370000000000019469e+01 1.061179975863248437e+01
3.380000000000019611e+01 1.062064359661270530e+01
3.390000000000019753e+01 1.062910525365564318e+01
3.400000000000019895e+01 1.063718654475162850e+01
3.410000000000020037e+01 1.064488933292331652e+01
3.420000000000020179e+01 1.065221552815376249e+01
3.430000000000020322e+01 1.065916708631012355e+01
3.440000000000020464e+01 1.066574600806362660e+01
3.450000000000020606e+01 1.067195433780651115e+01
3.460000000000020748e+01 1.067779416256658642e+01
3.470000000000020890e+01 1.068326761092006905e+01
3.480000000000021032e+01 1.068837685190330333e+01
3.490000000000021174e+01 1.069312409392405527e+01
3.500000000000021316e+01 1.069751158367293797e+01
3.510000000000021458e+01 1.070154160503559382e+01
3.520000000000021600e+01 1.070521647800625509e+01
3.530000000000021743e+01 1.070853855760320350e+01
3.540000000000021885e+01 1.071151023278674508e+01
3.550000000000022027e+01 1.071413392538024034e+01
3.560000000000022169e+01 1.071641208899473163e+01
3.570000000000022311e+01 1.071834720795766849e+01
3.580000000000022453e+01 1.071994179624628885e+01
3.590000000000022595e+01 1.072119839642614103e+01
3.600000000000022737e+01 1.072211957859519948e+01
3.610000000000022879e+01 1.072270793933409294e+01
3.620000000000023022e+01 1.072296610066287492e+01
3.630000000000023164e+01 1.072289670900478598e+01
3.640000000000023306e+01 1.072250243415743043e+01
3.650000000000023448e+01 1.072178596827180108e+01
3.660000000000023590e+01 1.072075002483951778e+01
3.670000000000023732e+01 1.071939733768870973e+01
3.680000000000023874e+01 1.071773065998886665e+01
3.690000000000024016e+01 1.071575276326502646e+01
3.700000000000024158e+01 1.071346643642168672e+01
3.710000000000024301e+01 1.071087448477668858e+01
3.720000000000024443e+01 1.070797972910545859e+01
3.730000000000024585e+01 1.070478500469584660e+01
3.740000000000024727e+01 1.070129316041389167e+01
3.750000000000024869e+01 1.069750705778076671e+01
3.760000000000025011e+01 1.069342957006114680e+01
3.770000000000025153e+01 1.068906358136325707e+01
3.780000000000025295e+01 1.068441198575083995e+01
3.790000000000025437e+01 1.067947768636721939e+01
3.800000000000025580e+01 1.067426359457171792e+01
3.810000000000025722e+01 1.066877262908855606e+01
3.820000000000025864e+01 1.066300771516845280e+01
3.830000000000026006e+01 1.065697178376307619e+01
3.840000000000026148e+01 1.065066777071249327e+01
3.850000000000026290e+01 1.064409861594574380e+01
3.860000000000026432e+01 1.063726726269470113e+01
3.870000000000026574e+01 1.063017665672128231e+01
3.880000000000026716e+01 1.062282974555816040e+01
3.890000000000026859e+01 1.061522947776301962e+01
3.900000000000027001e+01 1.060737880218648677e+01
3.910000000000027143e+01 1.059928066725374762e+01
3.920000000000027285e+01 1.059093802025996212e+01
3.930000000000027427e+01 1.058235380667947112e+01
3.940000000000027569e+01 1.057353096948888549e+01
3.950000000000027711e+01 1.056447244850403955e+01
3.960000000000027853e+01 1.055518117973083569e+01
3.970000000000027995e+01 1.054566009473002808e+01
3.980000000000028137e+01 1.053591211999586363e+01
3.990000000000028280e+01 1.052594017634864620e+01
4.000000000000028422e+01 1.051574717834116335e+01
4.010000000000028564e+01 1.050533603367896163e+01
4.020000000000028706e+01 1.049470964265441175e+01
4.030000000000028848e+01 1.048387089759457069e+01
4.040000000000028990e+01 1.047282268232271107e+01
4.050000000000029132e+01 1.046156787163354807e+01
4.060000000000029274e+01 1.045010933078201454e+01
4.070000000000029416e+01 1.043844991498557384e+01
4.080000000000029559e+01 1.042659246893995828e+01
4.090000000000029701e+01 1.041453982634824449e+01
4.100000000000029843e+01 1.040229480946320173e+01
4.110000000000029985e+01 1.038986022864277992e+01
4.120000000000030127e+01 1.037723888191866628e+01
4.130000000000030269e+01 1.036443355457778459e+01
4.140000000000030411e+01 1.035144701875660189e+01
4.150000000000030553e+01 1.033828203304819127e+01
4.160000000000030695e+01 1.032494134212184989e+01
4.170000000000030838e+01 1.031142767635518531e+01
4.180000000000030980e+01 1.029774375147855103e+01
4.190000000000031122e+01 1.028389226823165359e+01
4.200000000000031264e+01 1.026987591203222649e+01
4.210000000000031406e+01 1.025569735265662175e+01
4.220000000000031548e+01 1.024135924393216612e+01
4.230000000000031690e+01 1.022686422344113488e+01
4.240000000000031832e+01 1.021221491223619005e+01
4.250000000000031974e+01 1.019741391456714297e+01
4.260000000000032117e+01 1.018246381761887420e+01
4.270000000000032259e+01 1.016736719126023480e+01
4.280000000000032401e+01 1.015212658780380472e+01
4.290000000000032543e+01 1.013674454177632533e+01
4.300000000000032685e+01 1.012122356969962489e+01
4.310000000000032827e+01 1.010556616988191792e+01
4.320000000000032969e+01 1.008977482221925825e+01
4.330000000000033111e+01 1.007385198800702497e+01
4.340000000000033253e+01 1.005780010976123329e+01
4.350000000000033396e+01 1.004162161104952311e+01
4.360000000000033538e+01 1.002531889633165818e+01
4.370000000000033680e+01 1.000889435080933509e+01
4.380000000000033822e+01 9.992350340285179655e+00
4.390000000000033964e+01 9.975689211030710268e+00
4.400000000000034106e+01 9.958913289663124502e+00
4.410000000000034248e+01 9.942024883030720517e+00
4.420000000000034390e+01 9.925026278106814814e+00
4.430000000000034532e+01 9.907919741891930698e+00
4.440000000000034674e+01 9.890707521324149099e+00
4.450000000000034817e+01 9.873391843197378392e+00
4.460000000000034959e+01 9.855974914087465066e+00
4.470000000000035101e+01 9.838458920285882314e+00
4.480000000000035243e+01 9.820846027740886441e+00
4.490000000000035385e+01 9.803138382005961660e+00
4.500000000000035527e+01 9.785338108195386297e+00
4.510000000000035669e+01 9.767447310946726802e+00
4.520000000000035811e+01 9.749468074390158279e+00
4.530000000000035953e+01 9.731402462124371766e+00
4.540000000000036096e+01 9.713252517198966984e+00
4.550000000000036238e+01 9.695020262103151154e+00
4.560000000000036380e+01 9.676707698760557363e+00
4.570000000000036522e+01 9.658316808530065245e+00
4.580000000000036664e+01 9.639849552212453432e+00
4.590000000000036806e+01 9.621307870062715040e+00
4.600000000000036948e+01 9.602693681807895842e+00
4.610000000000037090e+01 9.584008886670311256e+00
4.620000000000037232e+01 9.565255363395980481e+00
4.630000000000037375e+01 9.546434970288119715e+00
4.640000000000037517e+01 9.527549545245580731e+00
4.650000000000037659e+01 9.508600905806067871e+00
4.660000000000037801e+01 9.489590849193971778e+00
4.670000000000037943e+01 9.470521152372739948e+00
4.680000000000038085e+01 9.451393572101583374e+00
4.690000000000038227e+01 9.432209844996402026e+00
4.700000000000038369e+01 9.412971687594831494e+00
4.710000000000038511e+01 9.393680796425204704e+00
4.720000000000038654e+01 9.374338848079379005e+00
4.730000000000038796e+01 9.354947499289233193e+00
4.740000000000038938e+01 9.335508387006751008e+00
4.750000000000039080e+01 9.316023128487547211e+00
4.760000000000039222e+01 9.296493321377722552e+00
4.770000000000039364e+01 9.276920543803905517e+00
4.780000000000039506e+01 9.257306354466411591e+00
4.790000000000039648e+01 9.237652292735347714e+00
4.800000000000039790e+01 9.217959878749574898e+00
4.810000000000039933e+01 9.198230613518429521e+00
4.820000000000040075e+01 9.178465979026059429e+00
4.830000000000040217e+01 9.158667438338305544e+00
4.840000000000040359e+01 9.138836435711992223e+00
4.850000000000040501e+01 9.118974396706528651e+00
4.860000000000040643e+01 9.099082728297741340e+00
4.870000000000040785e+01 9.079162818993820494e+00
4.880000000000040927e+01 9.059216038953261219e+00
4.890000000000041069e+01 9.039243740104758729e+00
4.900000000000041211e+01 9.019247256268915436e+00
4.910000000000041354e+01 8.999227903281687091e+00
4.920000000000041496e+01 8.979186979119472056e+00
4.930000000000041638e+01 8.959125764025785088e+00
4.940000000000041780e+01 8.939045520639368192e+00
4.950000000000041922e+01 8.918947494123722564e+00
4.960000000000042064e+01 8.898832912297944375e+00
4.970000000000042206e+01 8.878702985768779143e+00
4.980000000000042348e+01 8.858558908063841386e+00
4.990000000000042490e+01 8.838401855765894766e+00
5.000000000000042633e+01 8.818232988648153636e+00
5.010000000000042775e+01 8.798053449810490534e+00
5.020000000000042917e+01 8.777864365816535397e+00
5.030000000000043059e+01 8.757666846831517304e+00
5.040000000000043201e+01 8.737461986760873600e+00
5.050000000000043343e+01 8.717250863389494953e+00
5.060000000000043485e+01 8.697034538521561942e+00
5.070000000000043627e+01 8.676814058120926987e+00
5.080000000000043769e+01 8.656590452451952800e+00
5.090000000000043912e+01 8.636364736220777161e+00
5.100000000000044054e+01 8.616137908716922311e+00
5.110000000000044196e+01 8.595910953955215206e+00
5.120000000000044338e+01 8.575684840817947574e+00
5.130000000000044480e+01 8.555460523197233158e+00
5.140000000000044622e+01 8.535238940137508834e+00
5.150000000000044764e+01 8.515021015978129881e+00
5.160000000000044906e+01 8.494807660496013213e+00
5.170000000000045048e+01 8.474599769048282383e+00
5.180000000000045191e+01 8.454398222714862854e+00
5.190000000000045333e+01 8.434203888440988450e+00
5.200000000000045475e+01 8.414017619179595897e+00
5.210000000000045617e+01 8.393840254033522186e+00
5.220000000000045759e+01 8.373672618397508316e+00
5.230000000000045901e+01 8.353515524099952572e+00
5.240000000000046043e+01 8.333369769544367145e+00
5.250000000000046185e+01 8.313236139850532780e+00
5.260000000000046327e+01 8.293115406995292815e+00
5.270000000000046469e+01 8.273008329952936890e+00
5.280000000000046612e+01 8.252915654835188519e+00
5.290000000000046754e+01 8.232838115030743253e+00
5.300000000000046896e+01 8.212776431344298800e+00
5.310000000000047038e+01 8.192731312135100197e+00
5.320000000000047180e+01 8.172703453454944977e+00
5.330000000000047322e+01 8.152693539185603910e+00
5.340000000000047464e+01 8.132702241175675084e+00
5.350000000000047606e+01 8.112730219376816265e+00
5.360000000000047748e+01 8.092778121979332440e+00
5.370000000000047891e+01 8.072846585547114984e+00
5.380000000000048033e+01 8.052936235151880950e+00
5.390000000000048175e+01 8.033047684506742669e+00
5.400000000000048317e+01 8.013181536099011737e+00
5.410000000000048459e+01 7.993338381322299568e+00
5.420000000000048601e+01 7.973518800607841683e+00
5.430000000000048743e+01 7.953723363555038617e+00
5.440000000000048885e+01 7.933952629061224116e+00
5.450000000000049027e+01 7.914207145450611769e+00
5.460000000000049170e+01 7.894487450602420076e+00
5.470000000000049312e+01 7.874794072078158180e+00
5.480000000000049454e+01 7.855127527248066066e+00
5.490000000000049596e+01 7.835488323416701206e+00
5.500000000000049738e+01 7.815876957947625492e+00
5.510000000000049880e+01 7.796293918387235067e+00
5.520000000000050022e+01 7.776739682587656688e+00
5.530000000000050164e+01 7.757214718828789657e+00
5.540000000000050306e+01 7.737719485939382302e+00
5.550000000000050449e+01 7.718254433417218507e+00
5.560000000000050591e+01 7.698820001548338787e+00
5.570000000000050733e+01 7.679416621525368747e+00
5.580000000000050875e+01 7.660044715564852780e+00
5.590000000000051017e+01 7.640704697023669389e+00
5.600000000000051159e+01 7.621396970514465963e+00
5.610000000000051301e+01 7.602121932020140527e+00
5.620000000000051443e+01 7.582879969007360721e+00
5.630000000000051585e+01 7.563671460539086233e+00
5.640000000000051728e+01 7.544496777386151543e+00
5.650000000000051870e+01 7.525356282137822816e+00
5.660000000000052012e+01 7.506250329311414227e+00
5.670000000000052154e+01 7.487179265460891742e+00
5.680000000000052296e+01 7.468143429284502588e+00
5.690000000000052438e+01 7.449143151731401957e+00
5.700000000000052580e+01 7.430178756107310711e+00
5.710000000000052722e+01 7.411250558179151682e+00
5.720000000000052864e+01 7.392358866278729401e+00
5.730000000000053006e+01 7.373503981405381325e+00
5.740000000000053149e+01 7.354686197327666264e+00
5.750000000000053291e+01 7.335905800684044742e+00
5.760000000000053433e+01 7.317163071082569026e+00
5.770000000000053575e+01 7.298458281199588171e+00
5.780000000000053717e+01 7.279791696877474294e+00
5.790000000000053859e+01 7.261163577221332766e+00
5.800000000000054001e+01 7.242574174694763833e+00
5.810000000000054143e+01 7.224023735214609054e+00
5.820000000000054285e+01 7.205512498244738495e+00
5.830000000000054428e+01 7.187040696888863600e+00
5.840000000000054570e+01 7.168608557982346419e+00
5.850000000000054712e+01 7.150216302183078909e+00
5.860000000000054854e+01 7.131864144061354160e+00
5.870000000000054996e+01 7.113552292188808579e+00
5.880000000000055138e+01 7.095280949226377309e+00
5.890000000000055280e+01 7.077050312011304634e+00
5.900000000000055422e+01 7.058860571643207571e+00
5.910000000000055564e+01 7.040711913569169589e+00
5.920000000000055707e+01 7.022604517667929258e+00
5.930000000000055849e+01 7.004538558333083920e+00
5.940000000000055991e+01 6.986514204555398067e+00
5.950000000000056133e+01 6.968531620004161375e+00
5.960000000000056275e+01 6.950590963107632803e+00
5.970000000000056417e+01 6.932692387132560086e+00
5.980000000000056559e+01 6.914836040262788863e+00
5.990000000000056701e+01 6.897022065676972069e+00
6.000000000000056843e+01 6.879250601625357397e+00
6.010000000000056986e+01 6.861521781505701689e+00
6.020000000000057128e+01 6.843835733938279375e+00
6.030000000000057270e+01 6.826192582840016954e+00
6.040000000000057412e+01 6.808592447497741063e+00
6.050000000000057554e+01 6.791035442640550812e+00
6.060000000000057696e+01 6.773521678511347233e+00
6.070000000000057838e+01 6.756051260937471881e+00
6.080000000000057980e+01 6.738624291400515887e+00
6.090000000000058122e+01 6.721240867105264805e+00
6.100000000000058265e+01 6.703901081047827226e+00
6.110000000000058407e+01 6.686605022082886762e+00
6.120000000000058549e+01 6.669352774990191079e+00
6.130000000000058691e+01 6.652144420540139436e+00
6.140000000000058833e+01 6.634980035558640132e+00
6.150000000000058975e+01 6.617859692991098441e+00
6.160000000000059117e+01 6.600783461965624710e+00
6.170000000000059259e+01 6.583751407855455540e+00
6.180000000000059401e+01 6.566763592340587152e+00
6.190000000000059543e+01 6.549820073468617387e+00
6.200000000000059686e+01 6.532920905714816762e+00
6.210000000000059828e+01 6.516066140041451682e+00
6.220000000000059970e+01 6.499255823956318068e+00
6.230000000000060112e+01 6.482490001570553773e+00
6.240000000000060254e+01 6.465768713655672961e+00
6.250000000000060396e+01 6.449091997699896162e+00
6.260000000000060538e+01 6.432459887963720035e+00
6.270000000000060680e+01 6.415872415534777495e+00
6.280000000000060822e+01 6.399329608381981060e+00
6.290000000000060965e+01 6.382831491408944125e+00
6.300000000000061107e+01 6.366378086506707668e+00
6.310000000000061249e+01 6.349969412605767083e+00
6.320000000000061391e+01 6.333605485727408002e+00
6.330000000000061533e+01 6.317286319034360886e+00
6.340000000000061675e+01 6.301011922880782379e+00
6.350000000000061817e+01 6.284782304861552760e+00
6.360000000000061959e+01 6.268597469860941018e+00
6.370000000000062101e+01 6.252457420100564711e+00
6.380000000000062244e+01 6.236362155186764511e+00
6.390000000000062386e+01 6.220311672157276206e+00
6.400000000000062528e+01 6.204305965527314726e+00
6.410000000000061959e+01 6.188345027334987591e+00
6.420000000000062812e+01 6.172428847186128387e+00
6.430000000000063665e+01 6.156557412298482745e+00
6.440000000000063096e+01 6.140730707545306366e+00
6.450000000000062528e+01 6.124948715498340412e+00
6.460000000000063380e+01 6.109211416470211375e+00
6.470000000000064233e+01 6.093518788556238519e+00
6.480000000000063665e+01 6.077870807675654241e+00
6.490000000000063096e+01 6.062267447612240900e+00
6.500000000000063949e+01 6.046708680054408092e+00
6.510000000000064801e+01 6.031194474634722802e+00
6.520000000000064233e+01 6.015724798968852483e+00
6.530000000000063665e+01 6.000299618693971659e+00
6.540000000000064517e+01 5.984918897506624980e+00
6.550000000000065370e+01 5.969582597200069785e+00
6.560000000000064801e+01 5.954290677701051138e+00
6.570000000000064233e+01 5.939043097106075919e+00
6.580000000000065086e+01 5.923839811717166448e+00
6.590000000000065938e+01 5.908680776077100738e+00
6.600000000000065370e+01 5.893565943004139385e+00
6.610000000000064801e+01 5.878495263626253298e+00
6.620000000000065654e+01 5.863468687414859382e+00
6.630000000000066507e+01 5.848486162218077489e+00
6.640000000000065938e+01 5.833547634293473116e+00
6.650000000000065370e+01 5.818653048340358680e+00
6.660000000000066223e+01 5.803802347531608952e+00
6.670000000000067075e+01 5.788995473544991555e+00
6.680000000000066507e+01 5.774232366594079124e+00
6.690000000000065938e+01 5.759512965458662315e+00
6.700000000000066791e+01 5.744837207514740918e+00
6.710000000000067644e+01 5.730205028764075337e+00
6.720000000000067075e+01 5.715616363863278870e+00
6.730000000000066507e+01 5.701071146152486335e+00
6.740000000000067359e+01 5.686569307683605246e+00
6.750000000000068212e+01 5.672110779248142443e+00
6.760000000000067644e+01 5.657695490404596406e+00
6.770000000000067075e+01 5.643323369505458764e+00
6.780000000000067928e+01 5.628994343723803695e+00
6.790000000000068781e+01 5.614708339079473198e+00
6.800000000000068212e+01 5.600465280464876017e+00
6.810000000000067644e+01 5.586265091670376215e+00
6.820000000000068496e+01 5.572107695409312278e+00
6.830000000000069349e+01 5.557993013342646726e+00
6.840000000000068781e+01 5.543920966103203618e+00
6.850000000000068212e+01 5.529891473319568540e+00
6.860000000000069065e+01 5.515904453639605798e+00
6.870000000000069917e+01 5.501959824753625661e+00
6.880000000000069349e+01 5.488057503417176797e+00
6.890000000000068781e+01 5.474197405473507416e+00
6.900000000000069633e+01 5.460379445875658710e+00
6.910000000000070486e+01 5.446603538708239434e+00
6.920000000000069917e+01 5.432869597208836332e+00
6.930000000000069349e+01 5.419177533789110157e+00
6.940000000000070202e+01 5.405527260055547956e+00
6.950000000000071054e+01 5.391918686829904495e+00
6.960000000000070486e+01 5.378351724169315951e+00
6.970000000000069917e+01 5.364826281386081419e+00
6.980000000000070770e+01 5.351342267067165537e+00
6.990000000000071623e+01 5.337899589093370700e+00
7.000000000000071054e+01 5.324498154658199311e+00
7.010000000000070486e+01 5.311137870286438023e+00
7.020000000000071338e+01 5.297818641852424015e+00
7.030000000000072191e+01 5.284540374598037715e+00
7.040000000000071623e+01 5.271302973150400639e+00
7.050000000000071054e+01 5.258106341539273032e+00
7.060000000000071907e+01 5.244950383214207257e+00
7.070000000000072760e+01 5.231835001061393875e+00
7.080000000000072191e+01 5.218760097420243049e+00
7.090000000000071623e+01 5.205725574099704822e+00
7.100000000000072475e+01 5.192731332394314947e+00
7.110000000000073328e+01 5.179777273099989365e+00
7.120000000000072760e+01 5.166863296529555782e+00
7.130000000000072191e+01 5.153989302528017902e+00
7.140000000000073044e+01 5.141155190487594062e+00
7.150000000000073896e+01 5.128360859362493862e+00
7.160000000000073328e+01 5.115606207683451423e+00
7.170000000000072760e+01 5.102891133572019733e+00
7.180000000000073612e+01 5.090215534754620741e+00
7.190000000000074465e+01 5.077579308576389394e+00
7.200000000000073896e+01 5.064982352014752109e+00
7.210000000000073328e+01 5.052424561692786753e+00
7.220000000000074181e+01 5.039905833892380116e+00
7.230000000000075033e+01 5.027426064567142916e+00
7.240000000000074465e+01 5.014985149355115190e+00
7.250000000000073896e+01 5.002582983591248755e+00
7.260000000000074749e+01 4.990219462319690713e+00
7.270000000000075602e+01 4.977894480305852021e+00
7.280000000000075033e+01 4.965607932048273554e+00
7.290000000000074465e+01 4.953359711790277231e+00
7.300000000000075318e+01 4.941149713531435061e+00
7.310000000000076170e+01 4.928977831038827695e+00
7.320000000000075602e+01 4.916843957858124448e+00
7.330000000000075033e+01 4.904747987324446612e+00
7.340000000000075886e+01 4.892689812573067343e+00
7.350000000000076739e+01 4.880669326549913478e+00
7.360000000000076170e+01 4.868686422021889726e+00
7.370000000000075602e+01 4.856740991587011891e+00
7.380000000000076454e+01 4.844832927684375790e+00
7.390000000000077307e+01 4.832962122603938759e+00
7.400000000000076739e+01 4.821128468496144848e+00
7.410000000000076170e+01 4.809331857381350162e+00
7.420000000000077023e+01 4.797572181159121207e+00
7.430000000000077875e+01 4.785849331617326285e+00
7.440000000000077307e+01 4.774163200441103427e+00
7.450000000000076739e+01 4.762513679221631158e+00
7.460000000000077591e+01 4.750900659464765141e+00
7.470000000000078444e+01 4.739324032599509628e+00
7.480000000000077875e+01 4.727783689986345017e+00
7.490000000000077307e+01 4.716279522925387546e+00
7.500000000000078160e+01 4.704811422664413101e+00
7.510000000000079012e+01 4.693379280406731802e+00
7.520000000000078444e+01 4.681982987318915157e+00
7.530000000000077875e+01 4.670622434538379331e+00
7.540000000000078728e+01 4.659297513180836070e+00
7.550000000000079581e+01 4.648008114347596198e+00
7.560000000000079012e+01 4.636754129132745206e+00
7.570000000000078444e+01 4.625535448630172297e+00
7.580000000000079297e+01 4.614351963940478640e+00
7.590000000000080149e+01 4.603203566177759498e+00
7.600000000000079581e+01 4.592090146476242474e+00
7.610000000000079012e+01 4.581011595996804964e+00
7.620000000000079865e+01 4.569967805933378813e+00
7.630000000000080718e+01 4.558958667519214636e+00
7.640000000000080149e+01 4.547984072033043113e+00
7.650000000000079581e+01 4.537043910805099500e+00
7.660000000000080433e+01 4.526138075223045121e+00
7.670000000000081286e+01 4.515266456737767164e+00
7.680000000000080718e+01 4.504428946869073691e+00
7.690000000000080149e+01 4.493625437211254514e+00
7.700000000000081002e+01 4.482855819438556821e+00
7.710000000000081855e+01 4.472119985310541779e+00
7.720000000000081286e+01 4.461417826677339882e+00
7.730000000000080718e+01 4.450749235484783739e+00
7.740000000000081570e+01 4.440114103779457366e+00
7.750000000000082423e+01 4.429512323713641564e+00
7.760000000000081855e+01 4.418943787550148272e+00
7.770000000000081286e+01 4.408408387667055450e+00
7.780000000000082139e+01 4.397906016562360243e+00
7.790000000000082991e+01 4.387436566858527343e+00
7.800000000000082423e+01 4.376999931306935210e+00
7.810000000000081855e+01 4.366596002792242359e+00
7.820000000000082707e+01 4.356224674336651503e+00
7.830000000000083560e+01 4.345885839104096426e+00
7.840000000000082991e+01 4.335579390404331157e+00
7.850000000000082423e+01 4.325305221696925884e+00
7.860000000000083276e+01 4.315063226595193591e+00
7.870000000000084128e+01 4.304853298870019884e+00
7.880000000000083560e+01 4.294675332453619099e+00
7.890000000000082991e+01 4.284529221443190927e+00
7.900000000000083844e+01 4.274414860104517544e+00
7.910000000000084697e+01 4.264332142875472798e+00
7.920000000000084128e+01 4.254280964369448803e+00
7.930000000000083560e+01 4.244261219378710592e+00
7.940000000000084412e+01 4.234272802877673492e+00
7.950000000000085265e+01 4.224315610026112999e+00
7.960000000000084697e+01 4.214389536172288508e+00
7.970000000000084128e+01 4.204494476856003971e+00
7.980000000000084981e+01 4.194630327811597503e+00
7.990000000000085834e+01 4.184796984970859945e+00
