2.000000000000000000e+01 3.253750855148914667e+01
2.010000000000000142e+01 3.243459952761504184e+01
2.020000000000000284e+01 3.233348806994978730e+01
2.030000000000000426e+01 3.223415683399644394e+01
2.040000000000000568e+01 3.213658883435034852e+01
2.050000000000000711e+01 3.204076743656020199e+01
2.060000000000000853e+01 3.194667634920654464e+01
2.070000000000000995e+01 3.185429961619156458e+01
2.080000000000001137e+01 3.176362160923328659e+01
2.090000000000001279e+01 3.167462702055836843e+01
2.100000000000001421e+01 3.158730085578703140e+01
2.110000000000001563e+01 3.150162842700477484e+01
2.120000000000001705e+01 3.141759534601494508e+01
2.130000000000001847e+01 3.133518751776684397e+01
2.140000000000001990e+01 3.125439113395421131e+01
2.150000000000002132e+01 3.117519266677887302e+01
2.160000000000002274e+01 3.109757886287484396e+01
2.170000000000002416e+01 3.102153673738792605e+01
2.180000000000002558e+01 3.094705356820655950e+01
2.190000000000002700e+01 3.087411689033902107e+01
2.200000000000002842e+01 3.080271449043322107e+01
2.210000000000002984e+01 3.073283440143461931e+01
2.220000000000003126e+01 3.066446489737837666e+01
2.230000000000003268e+01 3.059759448831178830e+01
2.240000000000003411e+01 3.053221191534339596e+01
2.250000000000003553e+01 3.046830614581503838e+01
2.260000000000003695e+01 3.040586636859339364e+01
2.270000000000003837e+01 3.034488198947751059e+01
2.280000000000003979e+01 3.028534262671925958e+01
2.290000000000004121e+01 3.022723810665319988e+01
2.300000000000004263e+01 3.017055845943320236e+01
2.310000000000004405e+01 3.011529391487233198e+01
2.320000000000004547e+01 3.006143489838365923e+01
2.330000000000004690e+01 3.000897202701866817e+01
2.340000000000004832e+01 2.995789610560100158e+01
2.350000000000004974e+01 2.990819812295254110e+01
2.360000000000005116e+01 2.985986924820961619e+01
2.370000000000005258e+01 2.981290082722657786e+01
2.380000000000005400e+01 2.976728437906456648e+01
2.390000000000005542e+01 2.972301159256299741e+01
2.400000000000005684e+01 2.968007432299167903e+01
2.410000000000005826e+01 2.963846458878125745e+01
2.420000000000005969e+01 2.959817456832983140e+01
2.430000000000006111e+01 2.955919659688399648e+01
2.440000000000006253e+01 2.952152316349188155e+01
2.450000000000006395e+01 2.948514690802662841e+01
2.460000000000006537e+01 2.945006061827827182e+01
2.470000000000006679e+01 2.941625722711225421e+01
2.480000000000006821e+01 2.938372980969274906e+01
2.490000000000006963e+01 2.935247158076923313e+01
2.500000000000007105e+01 2.932247589202456695e+01
2.510000000000007248e+01 2.929373622948283540e+01
2.520000000000007390e+01 2.926624621097572643e+01
2.530000000000007532e+01 2.923999958366561813e+01
2.540000000000007674e+01 2.921499022162408465e+01
2.550000000000007816e+01 2.919121212346429672e+01
2.560000000000007958e+01 2.916865941002604146e+01
2.570000000000008100e+01 2.914732632211188346e+01
2.580000000000008242e+01 2.912720721827328063e+01
2.590000000000008384e+01 2.910829657264531534e+01
2.600000000000008527e+01 2.909058897282886491e+01
2.610000000000008669e+01 2.907407911781890419e+01
2.620000000000008811e+01 2.905876181597799857e+01
2.630000000000008953e+01 2.904463198305354510e+01
2.640000000000009095e+01 2.903168464023799444e+01
2.650000000000009237e+01 2.901991491227070696e+01
2.660000000000009379e+01 2.900931802558064376e+01
2.670000000000009521e+01 2.899988930646863494e+01
2.680000000000009663e+01 2.899162417932854297e+01
2.690000000000009805e+01 2.898451816490608834e+01
2.700000000000009948e+01 2.897856687859452762e+01
2.710000000000010090e+01 2.897376602876643759e+01
2.720000000000010232e+01 2.897011141514040844e+01
2.730000000000010374e+01 2.896759892718206331e+01
2.740000000000010516e+01 2.896622454253848034e+01
2.750000000000010658e+01 2.896598432550517543e+01
2.760000000000010800e+01 2.896687442552494929e+01
2.770000000000010942e+01 2.896889107571772826e+01
2.780000000000011084e+01 2.897203059144086978e+01
2.790000000000011227e+01 2.897628936887880613e+01
2.800000000000011369e+01 2.898166388366181678e+01
2.810000000000011511e+01 2.898815068951294194e+01
2.820000000000011653e+01 2.899574641692237265e+01
2.830000000000011795e+01 2.900444777184878475e+01
2.840000000000011937e+01 2.901425153444699490e+01
2.850000000000012079e+01 2.902515455782118892e+01
2.860000000000012221e+01 2.903715376680324312e+01
2.870000000000012363e+01 2.905024615675553079e+01
2.880000000000012506e+01 2.906442879239762433e+01
2.890000000000012648e+01 2.907969880665637774e+01
2.900000000000012790e+01 2.909605339953882819e+01
2.910000000000012932e+01 2.911348983702733761e+01
2.920000000000013074e+01 2.913200544999664743e+01
2.930000000000013216e+01 2.915159763315213226e+01
2.940000000000013358e+01 2.917226384398887973e+01
2.950000000000013500e+01 2.919400160177115211e+01
2.960000000000013642e+01 2.921680848653170415e+01
2.970000000000013785e+01 2.924068213809049865e+01
2.980000000000013927e+01 2.926562025509251086e+01
2.990000000000014069e+01 2.929162059406406016e+01
3.000000000000014211e+01 2.931868096848720739e+01
3.010000000000014353e+01 2.934679924789214667e+01
3.020000000000014495e+01 2.937597335696671053e+01
3.030000000000014637e+01 2.940620127468298861e+01
3.040000000000014779e+01 2.943748103344056588e+01
3.050000000000014921e+01 2.946981071822592568e+01
3.060000000000015064e+01 2.950318846578779031e+01
3.070000000000015206e+01 2.953761246382798333e+01
3.080000000000015348e+01 2.957308095020753314e+01
3.090000000000015490e+01 2.960959221216758763e+01
3.100000000000015632e+01 2.964714458556492360e+01
3.110000000000015774e+01 2.968573645412169171e+01
3.120000000000015916e+01 2.972536624868903843e+01
3.130000000000016058e+01 2.976603244652445923e+01
3.140000000000016200e+01 2.980773357058238204e+01
3.150000000000016342e+01 2.985046818881792419e+01
3.160000000000016485e+01 2.989423491350329343e+01
3.170000000000016627e+01 2.993903240055680470e+01
3.180000000000016769e+01 2.998485934888413240e+01
3.190000000000016911e+01 3.003171449973147844e+01
3.200000000000017053e+01 3.007959663605050338e+01
3.210000000000017195e+01 3.012850458187483582e+01
3.220000000000017337e+01 3.017843720170766986e+01
3.230000000000017479e+01 3.022939339992048957e+01
3.240000000000017621e+01 3.028137212016259738e+01
3.250000000000017764e+01 3.033437234478106603e+01
3.260000000000017906e+01 3.038839309425121371e+01
3.270000000000018048e+01 3.044343342661703034e+01
3.280000000000018190e+01 3.049949243694171841e+01
3.290000000000018332e+01 3.055656925676776225e+01
3.300000000000018474e+01 3.061466305358666418e+01
3.310000000000018616e+01 3.067377303031791769e+01
3.320000000000018758e+01 3.073389842479719292e+01
3.330000000000018900e+01 3.079503850927334696e+01
3.340000000000019043e+01 3.085719258991441549e+01
3.350000000000019185e+01 3.092036000632197457e+01
3.360000000000019327e+01 3.098454013105408222e+01
3.370000000000019469e+01 3.104973236915637358e+01
3.380000000000019611e+01 3.111593615770134846e+01
3.390000000000019753e+01 3.118315096533547504e+01
3.400000000000019895e+01 3.125137629183413068e+01
3.410000000000020037e+01 3.132061166766415639e+01
3.420000000000020179e+01 3.139085665355388244e+01
3.430000000000020322e+01 3.146211084007039105e+01
3.440000000000020464e+01 3.153437384720408687e+01
3.450000000000020606e+01 3.160764532396019888e+01
3.460000000000020748e+01 3.168192494795723491e+01
3.470000000000020890e+01 3.175721242503213659e+01
3.480000000000021032e+01 3.183350748885216319e+01
3.490000000000021174e+01 3.191080990053318089e+01
3.500000000000021316e+01 3.198911944826437193e+01
3.510000000000021458e+01 3.206843594693923194e+01
3.520000000000021600e+01 3.214875923779258216e+01
3.530000000000021743e+01 3.223008918804374900e+01
3.540000000000021885e+01 3.231242569054558800e+01
3.550000000000022027e+01 3.239576866343920614e+01
3.560000000000022169e+01 3.248011804981447170e+01
3.570000000000022311e+01 3.256547381737609470e+01
3.580000000000022453e+01 3.265183595811507899e+01
3.590000000000022595e+01 3.273920448798563143e+01
3.600000000000022737e+01 3.282757944658727212e+01
3.610000000000022879e+01 3.291696089685216009e+01
3.620000000000023022e+01 3.300734892473739279e+01
3.630000000000023164e+01 3.309874363892238591e+01
3.640000000000023306e+01 3.319114517051107782e+01
3.650000000000023448e+01 3.328455367273889465e+01
3.660000000000023590e+01 3.337896932068444045e+01
3.670000000000023732e+01 3.347439231098583434e+01
3.680000000000023874e+01 3.357082286156148143e+01
3.690000000000024016e+01 3.366826121133543381e+01
3.700000000000024158e+01 3.376670761996693670e+01
3.710000000000024301e+01 3.386616236758437282e+01
3.720000000000024443e+01 3.396662575452337052e+01
3.730000000000024585e+01 3.406809810106908998e+01
3.740000000000024727e+01 3.417057974720245994e+01
3.750000000000024869e+01 3.427407105235050011e+01
3.760000000000025011e+01 3.437857239514043783e+01
3.770000000000025153e+01 3.448408417315781804e+01
3.780000000000025295e+01 3.459060680270820143e+01
3.790000000000025437e+01 3.469814071858271376e+01
3.800000000000025580e+01 3.480668637382704844e+01
3.810000000000025722e+01 3.491624423951432021e+01
3.820000000000025864e+01 3.502681480452108786e+01
3.830000000000026006e+01 3.513839857530712862e+01
3.840000000000026148e+01 3.525099607569830340e+01
3.850000000000026290e+01 3.536460784667301738e+01
3.860000000000026432e+01 3.547923444615173594e+01
3.870000000000026574e+01 3.559487644878983303e+01
3.880000000000026716e+01 3.571153444577348779e+01
3.890000000000026859e+01 3.582920904461882827e+01
3.900000000000027001e+01 3.594790086897390324e+01
3.910000000000027143e+01 3.606761055842380870e+01
3.920000000000027285e+01 3.618833876829870633e+01
3.930000000000027427e+01 3.631008616948471257e+01
3.940000000000027569e+01 3.643285344823756589e+01
3.950000000000027711e+01 3.655664130599922856e+01
3.960000000000027853e+01 3.668145045921711045e+01
3.970000000000027995e+01 3.680728163916590034e+01
3.980000000000028137e+01 3.693413559177233907e+01
3.990000000000028280e+01 3.706201307744228046e+01
4.000000000000028422e+01 3.719091487089041692e+01
4.010000000000028564e+01 3.732084176097260553e+01
4.020000000000028706e+01 3.745179455052053186e+01
4.030000000000028848e+01 3.758377405617887490e+01
4.040000000000028990e+01 3.771678110824483809e+01
4.050000000000029132e+01 3.785081655051001803e+01
4.060000000000029274e+01 3.798588124010461087e+01
4.070000000000029416e+01 3.812197604734384981e+01
4.080000000000029559e+01 3.825910185557665244e+01
4.090000000000029701e+01 3.839725956103654170e+01
4.100000000000029843e+01 3.853645007269467726e+01
4.110000000000029985e+01 3.867667431211499007e+01
4.120000000000030127e+01 3.881793321331140589e+01
4.130000000000030269e+01 3.896022772260712230e+01
4.140000000000030411e+01 3.910355879849596761e+01
4.150000000000030553e+01 3.924792741150564979e+01
4.160000000000030695e+01 3.939333454406293811e+01
4.170000000000030838e+01 3.953978119036092664e+01
4.180000000000030980e+01 3.968726835622803151e+01
4.190000000000031122e+01 3.983579705899883550e+01
4.200000000000031264e+01 3.998536832738690094e+01
4.210000000000031406e+01 4.013598320135925945e+01
4.220000000000031548e+01 4.028764273201267798e+01
4.230000000000031690e+01 4.044034798145169418e+01
4.240000000000031832e+01 4.059410002266843520e+01
4.250000000000031974e+01 4.074889993942392863e+01
4.260000000000032117e+01 4.090474882613124663e+01
4.270000000000032259e+01 4.106164778774020618e+01
4.280000000000032401e+01 4.121959793962373197e+01
4.290000000000032543e+01 4.137860040746561197e+01
4.300000000000032685e+01 4.153865632715013589e+01
4.310000000000032827e+01 4.169976684465292038e+01
4.320000000000032969e+01 4.186193311593345356e+01
4.330000000000033111e+01 4.202515630682903236e+01
4.340000000000033253e+01 4.218943759295021323e+01
4.350000000000033396e+01 4.235477815957763426e+01
4.360000000000033538e+01 4.252117920156027253e+01
4.370000000000033680e+01 4.268864192321513684e+01
4.380000000000033822e+01 4.285716753822828196e+01
4.390000000000033964e+01 4.302675726955710900e+01
4.400000000000034106e+01 4.319741234933414376e+01
4.410000000000034248e+01 4.336913401877202290e+01
4.420000000000034390e+01 4.354192352806971655e+01
4.430000000000034532e+01 4.371578213632015064e+01
4.440000000000034674e+01 4.389071111141894477e+01
4.450000000000034817e+01 4.406671172997450014e+01
4.460000000000034959e+01 4.424378527721914622e+01
4.470000000000035101e+01 4.442193304692160183e+01
4.480000000000035243e+01 4.460115634130055184e+01
4.490000000000035385e+01 4.478145647093941051e+01
4.500000000000035527e+01 4.496283475470217894e+01
4.510000000000035669e+01 4.514529251965042533e+01
4.520000000000035811e+01 4.532883110096137358e+01
4.530000000000035953e+01 4.551345184184715009e+01
4.540000000000036096e+01 4.569915609347495433e+01
4.550000000000036238e+01 4.588594521488837330e+01
4.560000000000036380e+01 4.607382057292972632e+01
4.570000000000036522e+01 4.626278354216346145e+01
4.580000000000036664e+01 4.645283550480041868e+01
4.590000000000036806e+01 4.664397785062329405e+01
4.600000000000036948e+01 4.683621197691287108e+01
4.610000000000037090e+01 4.702953928837538911e+01
4.620000000000037232e+01 4.722396119707069317e+01
4.630000000000037375e+01 4.741947912234144269e+01
4.640000000000037517e+01 4.761609449074325084e+01
4.650000000000037659e+01 4.781380873597555592e+01
4.660000000000037801e+01 4.801262329881361524e+01
4.670000000000037943e+01 4.821253962704120966e+01
4.680000000000038085e+01 4.841355917538426468e+01
4.690000000000038227e+01 4.861568340544538813e+01
4.700000000000038369e+01 4.881891378563911132e+01
4.710000000000038511e+01 4.902325179112811071e+01
4.720000000000038654e+01 4.922869890376013302e+01
4.730000000000038796e+01 4.943525661200579435e+01
4.740000000000038938e+01 4.964292641089710401e+01
4.750000000000039080e+01 4.985170980196686230e+01
4.760000000000039222e+01 5.006160829318870498e+01
4.770000000000039364e+01 5.027262339891808551e+01
4.780000000000039506e+01 5.048475663983381168e+01
4.790000000000039648e+01 5.069800954288039208e+01
4.800000000000039790e+01 5.091238364121122828e+01
4.810000000000039933e+01 5.112788047413231851e+01
4.820000000000040075e+01 5.134450158704682110e+01
4.830000000000040217e+01 5.156224853140025033e+01
4.840000000000040359e+01 5.178112286462631175e+01
4.850000000000040501e+01 5.200112615009361861e+01
4.860000000000040643e+01 5.222225995705279189e+01
4.870000000000040785e+01 5.244452586058437049e+01
4.880000000000040927e+01 5.266792544154746025e+01
4.890000000000041069e+01 5.289246028652878806e+01
4.900000000000041211e+01 5.311813198779262279e+01
4.910000000000041354e+01 5.334494214323109418e+01
4.920000000000041496e+01 5.357289235631537849e+01
4.930000000000041638e+01 5.380198423604723956e+01
4.940000000000041780e+01 5.403221939691130871e+01
4.950000000000041922e+01 5.426359945882801128e+01
4.960000000000042064e+01 5.449612604710678454e+01
4.970000000000042206e+01 5.472980079240028317e+01
4.980000000000042348e+01 5.496462533065876244e+01
4.990000000000042490e+01 5.520060130308528556e+01
5.000000000000042633e+01 5.543773035609137168e+01
5.010000000000042775e+01 5.567601414125313397e+01
5.020000000000042917e+01 5.591545431526801480e+01
5.030000000000043059e+01 5.615605253991213885e+01
5.040000000000043201e+01 5.639781048199795066e+01
5.050000000000043343e+01 5.664072981333260515e+01
5.060000000000043485e+01 5.688481221067672777e+01
5.070000000000043627e+01 5.713005935570363647e+01
5.080000000000043769e+01 5.737647293495923861e+01
5.090000000000043912e+01 5.762405463982219800e+01
5.100000000000044054e+01 5.787280616646474840e+01
5.110000000000044196e+01 5.812272921581386953e+01
5.120000000000044338e+01 5.837382549351291061e+01
5.130000000000044480e+01 5.862609670988386767e+01
5.140000000000044622e+01 5.887954457988986690e+01
5.150000000000044764e+01 5.913417082309821637e+01
5.160000000000044906e+01 5.938997716364394108e+01
5.170000000000045048e+01 5.964696533019359492e+01
5.180000000000045191e+01 5.990513705590971227e+01
5.190000000000045333e+01 6.016449407841553665e+01
5.200000000000045475e+01 6.042503813976013305e+01
5.210000000000045617e+01 6.068677098638411138e+01
5.220000000000045759e+01 6.094969436908553462e+01
5.230000000000045901e+01 6.121381004298634565e+01
5.240000000000046043e+01 6.147911976749924889e+01
5.250000000000046185e+01 6.174562530629479795e+01
5.260000000000046327e+01 6.201332842726893091e+01
5.270000000000046469e+01 6.228223090251115934e+01
5.280000000000046612e+01 6.255233450827265784e+01
5.290000000000046754e+01 6.282364102493505698e+01
5.300000000000046896e+01 6.309615223697962705e+01
5.310000000000047038e+01 6.336986993295657555e+01
5.320000000000047180e+01 6.364479590545481358e+01
5.330000000000047322e+01 6.392093195107225512e+01
5.340000000000047464e+01 6.419827987038620165e+01
5.350000000000047606e+01 6.447684146792420279e+01
5.360000000000047748e+01 6.475661855213519402e+01
5.370000000000047891e+01 6.503761293536105370e+01
5.380000000000048033e+01 6.531982643380848685e+01
5.390000000000048175e+01 6.560326086752105823e+01
5.400000000000048317e+01 6.588791806035179377e+01
5.410000000000048459e+01 6.617379983993593839e+01
5.420000000000048601e+01 6.646090803766404065e+01
5.430000000000048743e+01 6.674924448865552051e+01
5.440000000000048885e+01 6.703881103173222300e+01
5.450000000000049027e+01 6.732960950939258282e+01
5.460000000000049170e+01 6.762164176778587432e+01
5.470000000000049312e+01 6.791490965668691615e+01
5.480000000000049454e+01 6.820941502947098911e+01
5.490000000000049596e+01 6.850515974308893874e+01
5.500000000000049738e+01 6.880214565804280369e+01
5.510000000000049880e+01 6.910037463836141569e+01
5.520000000000050022e+01 6.939984855157675270e+01
5.530000000000050164e+01 6.970056926869986569e+01
5.540000000000050306e+01 7.000253866419775761e+01
5.550000000000050449e+01 7.030575861597004916e+01
5.560000000000050591e+01 7.061023100532638352e+01
5.570000000000050733e+01 7.091595771696341899e+01
5.580000000000050875e+01 7.122294063894278793e+01
5.590000000000051017e+01 7.153118166266877154e+01
5.600000000000051159e+01 7.184068268286658565e+01
5.610000000000051301e+01 7.215144559756068077e+01
5.620000000000051443e+01 7.246347230805341155e+01
5.630000000000051585e+01 7.277676471890394794e+01
5.640000000000051728e+01 7.309132473790715778e+01
5.650000000000051870e+01 7.340715427607337062e+01
5.660000000000052012e+01 7.372425524760753035e+01
5.670000000000052154e+01 7.404262956988928579e+01
5.680000000000052296e+01 7.436227916345283973e+01
5.690000000000052438e+01 7.468320595196742318e+01
5.700000000000052580e+01 7.500541186221749967e+01
5.710000000000052722e+01 7.532889882408373694e+01
5.720000000000052864e+01 7.565366877052370853e+01
5.730000000000053006e+01 7.597972363755317815e+01
5.740000000000053149e+01 7.630706536422732711e+01
5.750000000000053291e+01 7.663569589262229442e+01
5.760000000000053433e+01 7.696561716781714324e+01
5.770000000000053575e+01 7.729683113787552884e+01
5.780000000000053717e+01 7.762933975382802032e+01
5.790000000000053859e+01 7.796314496965443652e+01
5.800000000000054001e+01 7.829824874226635245e+01
5.810000000000054143e+01 7.863465303148996099e+01
5.820000000000054285e+01 7.897235980004887779e+01
5.830000000000054428e+01 7.931137101354730135e+01
5.840000000000054570e+01 7.965168864045348585e+01
5.850000000000054712e+01 7.999331465208290126e+01
5.860000000000054854e+01 8.033625102258235984e+01
5.870000000000054996e+01 8.068049972891351729e+01
5.880000000000055138e+01 8.102606275083704190e+01
5.890000000000055280e+01 8.137294207089691156e+01
5.900000000000055422e+01 8.172113967440466809e+01
5.910000000000055564e+01 8.207065754942415481e+01
5.920000000000055707e+01 8.242149768675605515e+01
5.930000000000055849e+01 8.277366207992299962e+01
5.940000000000055991e+01 8.312715272515443132e+01
5.950000000000056133e+01 8.348197162137205396e+01
5.960000000000056275e+01 8.383812077017502418e+01
5.970000000000056417e+01 8.419560217582572648e+01
5.980000000000056559e+01 8.455441784523533499e+01
5.990000000000056701e+01 8.491456978794968791e+01
6.000000000000056843e+01 8.527606001613543185e+01
6.010000000000056986e+01 8.563889054456618055e+01
6.020000000000057128e+01 8.600306339060875871e+01
6.030000000000057270e+01 8.636858057420977275e+01
6.040000000000057412e+01 8.673544411788215314e+01
6.050000000000057554e+01 8.710365604669217987e+01
6.060000000000057696e+01 8.747321838824608164e+01
6.070000000000057838e+01 8.784413317267734556e+01
6.080000000000057980e+01 8.821640243263379944e+01
6.090000000000058122e+01 8.859002820326513472e+01
6.100000000000058265e+01 8.896501252221001721e+01
6.110000000000058407e+01 8.934135742958436310e+01
6.120000000000058549e+01 8.971906496796830766e+01
6.130000000000058691e+01 9.009813718239492175e+01
6.140000000000058833e+01 9.047857612033752162e+01
6.150000000000058975e+01 9.086038383169824328e+01
6.160000000000059117e+01 9.124356236879630444e+01
6.170000000000059259e+01 9.162811378635633730e+01
6.180000000000059401e+01 9.201404014149690624e+01
6.190000000000059543e+01 9.240134349371921019e+01
6.200000000000059686e+01 9.279002590489601232e+01
6.210000000000059828e+01 9.318008943926034249e+01
6.220000000000059970e+01 9.357153616339466851e+01
6.230000000000060112e+01 9.396436814622001066e+01
6.240000000000060254e+01 9.435858745898525513e+01
6.250000000000060396e+01 9.475419617525658111e+01
6.260000000000060538e+01 9.515119637090678850e+01
6.270000000000060680e+01 9.554959012410520813e+01
6.280000000000060822e+01 9.594937951530712894e+01
6.290000000000060965e+01 9.635056662724392140e+01
6.300000000000061107e+01 9.675315354491286257e+01
6.310000000000061249e+01 9.715714235556716005e+01
6.320000000000061391e+01 9.756253514870633126e+01
6.330000000000061533e+01 9.796933401606629843e+01
6.340000000000061675e+01 9.837754105160979634e+01
6.350000000000061817e+01 9.878715835151707836e+01
6.360000000000061959e+01 9.919818801417612519e+01
6.370000000000062101e+01 9.961063214017389100e+01
6.380000000000062244e+01 1.000244928322865832e+02
6.390000000000062386e+01 1.004397721954709226e+02
6.400000000000062528e+01 1.008564723368548925e+02
6.410000000000061959e+01 1.012745953657291551e+02
6.420000000000062812e+01 1.016941433935380417e+02
6.430000000000063665e+01 1.021151185338708274e+02
6.440000000000063096e+01 1.025375229024531762e+02
6.450000000000062528e+01 1.029613586171387567e+02
6.460000000000063380e+01 1.033866277979007577e+02
6.470000000000064233e+01 1.038133325668233908e+02
6.480000000000063665e+01 1.042414750480937755e+02
6.490000000000063096e+01 1.046710573679939245e+02
6.500000000000063949e+01 1.051020816548926859e+02
6.510000000000064801e+01 1.055345500392374589e+02
6.520000000000064233e+01 1.059684646535465333e+02
6.530000000000063665e+01 1.064038276324015158e+02
6.540000000000064517e+01 1.068406411124393713e+02
6.550000000000065370e+01 1.072789072323446788e+02
6.560000000000064801e+01 1.077186281328423121e+02
6.570000000000064233e+01 1.081598059566900787e+02
6.580000000000065086e+01 1.086024428486711884e+02
6.590000000000065938e+01 1.090465409555868774e+02
6.600000000000065370e+01 1.094921024262493603e+02
6.610000000000064801e+01 1.099391294114747097e+02
6.620000000000065654e+01 1.103876240640758084e+02
6.630000000000066507e+01 1.108375885388551580e+02
6.640000000000065938e+01 1.112890249925983142e+02
6.650000000000065370e+01 1.117419355840668658e+02
6.660000000000066223e+01 1.121963224739916996e+02
6.670000000000067075e+01 1.126521878250665338e+02
6.680000000000066507e+01 1.131095338019408700e+02
6.690000000000065938e+01 1.135683625712140525e+02
6.700000000000066791e+01 1.140286763014286038e+02
6.710000000000067644e+01 1.144904771630635452e+02
6.720000000000067075e+01 1.149537673285284001e+02
6.730000000000066507e+01 1.154185489721571258e+02
6.740000000000067359e+01 1.158848242702015909e+02
6.750000000000068212e+01 1.163525954008255212e+02
6.760000000000067644e+01 1.168218645440987018e+02
6.770000000000067075e+01 1.172926338819910228e+02
6.780000000000067928e+01 1.177649055983662691e+02
6.790000000000068781e+01 1.182386818789766352e+02
6.800000000000068212e+01 1.187139649114567135e+02
6.810000000000067644e+01 1.191907568853180095e+02
6.820000000000068496e+01 1.196690599919433851e+02
6.830000000000069349e+01 1.201488764245809904e+02
6.840000000000068781e+01 1.206302083783393471e+02
6.850000000000068212e+01 1.211130580501816638e+02
6.860000000000069065e+01 1.215974276389204931e+02
6.870000000000069917e+01 1.220833193452122885e+02
6.880000000000069349e+01 1.225707353715523027e+02
6.890000000000068781e+01 1.230596779222693726e+02
6.900000000000069633e+01 1.235501492035208742e+02
6.910000000000070486e+01 1.240421514232873363e+02
6.920000000000069917e+01 1.245356867913677092e+02
6.930000000000069349e+01 1.250307575193743617e+02
6.940000000000070202e+01 1.255273658207281642e+02
6.950000000000071054e+01 1.260255139106535438e+02
6.960000000000070486e+01 1.265252040061736807e+02
6.970000000000069917e+01 1.270264383261061312e+02
6.980000000000070770e+01 1.275292190910577403e+02
6.990000000000071623e+01 1.280335485234200519e+02
7.000000000000071054e+01 1.285394288473649738e+02
7.010000000000070486e+01 1.290468622888400603e+02
7.020000000000071338e+01 1.295558510755643340e+02
7.030000000000072191e+01 1.300663974370233973e+02
7.040000000000071623e+01 1.305785036044653680e+02
7.050000000000071054e+01 1.310921718108967866e+02
7.060000000000071907e+01 1.316074042910778701e+02
7.070000000000072760e+01 1.321242032815186178e+02
7.080000000000072191e+01 1.326425710204746053e+02
7.090000000000071623e+01 1.331625097479428348e+02
7.100000000000072475e+01 1.336840217056578126e+02
7.110000000000073328e+01 1.342071091370873432e+02
7.120000000000072760e+01 1.347317742874284079e+02
7.130000000000072191e+01 1.352580194036040098e+02
7.140000000000073044e+01 1.357858467342584845e+02
7.150000000000073896e+01 1.363152585297540043e+02
7.160000000000073328e+01 1.368462570421667408e+02
7.170000000000072760e+01 1.373788445252832844e+02
7.180000000000073612e+01 1.379130232345970626e+02
7.190000000000074465e+01 1.384487954273040771e+02
7.200000000000073896e+01 1.389861633622999193e+02
7.210000000000073328e+01 1.395251293001761610e+02
7.220000000000074181e+01 1.400656955032167730e+02
7.230000000000075033e+01 1.406078642353943167e+02
7.240000000000074465e+01 1.411516377623670166e+02
7.250000000000073896e+01 1.416970183514752364e+02
7.260000000000074749e+01 1.422440082717381244e+02
7.270000000000075602e+01 1.427926097938502892e+02
7.280000000000075033e+01 1.433428251901782744e+02
7.290000000000074465e+01 1.438946567347580583e+02
7.300000000000075318e+01 1.444481067032912449e+02
7.310000000000076170e+01 1.450031773731423357e+02
7.320000000000075602e+01 1.455598710233351198e+02
7.330000000000075033e+01 1.461181899345503155e+02
7.340000000000075886e+01 1.466781363891221304e+02
7.350000000000076739e+01 1.472397126710352495e+02
7.360000000000076170e+01 1.478029210659221349e+02
7.370000000000075602e+01 1.483677638610599274e+02
7.380000000000076454e+01 1.489342433453678041e+02
7.390000000000077307e+01 1.495023618094040501e+02
7.400000000000076739e+01 1.500721215453629895e+02
7.410000000000076170e+01 1.506435248470729391e+02
7.420000000000077023e+01 1.512165740099927689e+02
7.430000000000077875e+01 1.517912713312097424e+02
7.440000000000077307e+01 1.523676191094364469e+02
7.450000000000076739e+01 1.529456196450085201e+02
7.460000000000077591e+01 1.535252752398821201e+02
7.470000000000078444e+01 1.541065881976311402e+02
7.480000000000077875e+01 1.546895608234447650e+02
7.490000000000077307e+01 1.552741954241251960e+02
7.500000000000078160e+01 1.558604943080850944e+02
7.510000000000079012e+01 1.564484597853450794e+02
7.520000000000078444e+01 1.570380941675314261e+02
7.530000000000077875e+01 1.576293997678741334e+02
7.540000000000078728e+01 1.582223789012039106e+02
7.550000000000079581e+01 1.588170338839505575e+02
7.560000000000079012e+01 1.594133670341400943e+02
7.570000000000078444e+01 1.600113806713933400e+02
7.580000000000079297e+01 1.606110771169232407e+02
7.590000000000080149e+01 1.612124586935326533e+02
7.600000000000079581e+01 1.618155277256123838e+02
7.610000000000079012e+01 1.624202865391394255e+02
7.620000000000079865e+01 1.630267374616744576e+02
7.630000000000080718e+01 1.636348828223600265e+02
7.640000000000080149e+01 1.642447249519183856e+02
7.650000000000079581e+01 1.648562661826499038e+02
7.660000000000080433e+01 1.654695088484310475e+02
7.670000000000081286e+01 1.660844552847120781e+02
7.680000000000080718e+01 1.667011078285154611e+02
7.690000000000080149e+01 1.673194688184342169e+02
7.700000000000081002e+01 1.679395405946301025e+02
7.710000000000081855e+01 1.685613254988313372e+02
7.720000000000081286e+01 1.691848258743311817e+02
7.730000000000080718e+01 1.698100440659863750e+02
7.740000000000081570e+01 1.704369824202154575e+02
7.750000000000082423e+01 1.710656432849965540e+02
7.760000000000081855e+01 1.716960290098660948e+02
7.770000000000081286e+01 1.723281419459174231e+02
7.780000000000082139e+01 1.729619844457990894e+02
7.790000000000082991e+01 1.735975588637127487e+02
7.800000000000082423e+01 1.742348675554122792e+02
7.810000000000081855e+01 1.748739128782021339e+02
7.820000000000082707e+01 1.755146971909357774e+02
7.830000000000083560e+01 1.761572228540139804e+02
7.840000000000082991e+01 1.768014922293837401e+02
7.850000000000082423e+01 1.774475076805368303e+02
7.860000000000083276e+01 1.780952715725083237e+02
7.870000000000084128e+01 1.787447862718752560e+02
7.880000000000083560e+01 1.793960541467550058e+02
7.890000000000082991e+01 1.800490775668046126e+02
7.900000000000083844e+01 1.807038589032191567e+02
7.910000000000084697e+01 1.813604005287301391e+02
7.920000000000084128e+01 1.820187048176047426e+02
7.930000000000083560e+01 1.826787741456444678e+02
7.940000000000084412e+01 1.833406108901841378e+02
7.950000000000085265e+01 1.840042174300901365e+02
7.960000000000084697e+01 1.846695961457598116e+02
7.970000000000084128e+01 1.853367494191202240e+02
7.980000000000084981e+01 1.860056796336270679e+02
7.990000000000085834e+01 1.866763891742632495e+02
