2.000000000000000000e+01 1.632323752730668431e+00
2.010000000000000142e+01 1.619065740971140643e+00
2.020000000000000284e+01 1.606028283098784648e+00
2.030000000000000426e+01 1.593207262426460158e+00
2.040000000000000568e+01 1.580598660647895448e+00
2.050000000000000711e+01 1.568198555039803210e+00
2.060000000000000853e+01 1.556003115756079191e+00
2.070000000000000995e+01 1.544008603210669905e+00
2.080000000000001137e+01 1.532211365545796067e+00
2.090000000000001279e+01 1.520607836182391592e+00
2.100000000000001421e+01 1.509194531449711052e+00
2.110000000000001563e+01 1.497968048291223431e+00
2.120000000000001705e+01 1.486925062043990664e+00
2.130000000000001847e+01 1.476062324288872407e+00
2.140000000000001990e+01 1.465376660768988648e+00
2.150000000000002132e+01 1.454864969373982797e+00
2.160000000000002274e+01 1.444524218187729359e+00
2.170000000000002416e+01 1.434351443597211784e+00
2.180000000000002558e+01 1.424343748460411341e+00
2.190000000000002700e+01 1.414498300331096248e+00
2.200000000000002842e+01 1.404812329738528431e+00
2.210000000000002984e+01 1.395283128520144800e+00
2.220000000000003126e+01 1.385908048205370502e+00
2.230000000000003268e+01 1.376684498448775829e+00
2.240000000000003411e+01 1.367609945510880110e+00
2.250000000000003553e+01 1.358681910784945268e+00
2.260000000000003695e+01 1.349897969368190065e+00
2.270000000000003837e+01 1.341255748675894255e+00
2.280000000000003979e+01 1.332752927096941598e+00
2.290000000000004121e+01 1.324387232689387961e+00
2.300000000000004263e+01 1.316156441914707820e+00
2.310000000000004405e+01 1.308058378409409528e+00
2.320000000000004547e+01 1.300090911792779025e+00
2.330000000000004690e+01 1.292251956509530952e+00
2.340000000000004832e+01 1.284539470706222763e+00
2.350000000000004974e+01 1.276951455140297398e+00
2.360000000000005116e+01 1.269485952120695149e+00
2.370000000000005258e+01 1.262141044478983565e+00
2.380000000000005400e+01 1.254914854570016391e+00
2.390000000000005542e+01 1.247805543301155007e+00
2.400000000000005684e+01 1.240811309189127742e+00
2.410000000000005826e+01 1.233930387443632037e+00
2.420000000000005969e+01 1.227161049076816113e+00
2.430000000000006111e+01 1.220501600037820378e+00
2.440000000000006253e+01 1.213950380371562110e+00
2.450000000000006395e+01 1.207505763401004906e+00
2.460000000000006537e+01 1.201166154932165275e+00
2.470000000000006679e+01 1.194929992481133629e+00
2.480000000000006821e+01 1.188795744522422204e+00
2.490000000000006963e+01 1.182761909757971353e+00
2.500000000000007105e+01 1.176827016406168713e+00
2.510000000000007248e+01 1.170989621510253764e+00
2.520000000000007390e+01 1.165248310265518672e+00
2.530000000000007532e+01 1.159601695364713470e+00
2.540000000000007674e+01 1.154048416361104445e+00
2.550000000000007816e+01 1.148587139048639516e+00
2.560000000000007958e+01 1.143216554858702105e+00
2.570000000000008100e+01 1.137935380272947716e+00
2.580000000000008242e+01 1.132742356251735583e+00
2.590000000000008384e+01 1.127636247677686443e+00
2.600000000000008527e+01 1.122615842813910803e+00
2.610000000000008669e+01 1.117679952776465369e+00
2.620000000000008811e+01 1.112827411020622881e+00
2.630000000000008953e+01 1.108057072840527457e+00
2.640000000000009095e+01 1.103367814881859310e+00
2.650000000000009237e+01 1.098758534667105824e+00
2.660000000000009379e+01 1.094228150133084387e+00
2.670000000000009521e+01 1.089775599180342613e+00
2.680000000000009663e+01 1.085399839234104657e+00
2.690000000000009805e+01 1.081099846816413246e+00
2.700000000000009948e+01 1.076874617129152778e+00
2.710000000000010090e+01 1.072723163647636646e+00
2.720000000000010232e+01 1.068644517724451015e+00
2.730000000000010374e+01 1.064637728203263745e+00
2.740000000000010516e+01 1.060701861042316674e+00
2.750000000000010658e+01 1.056835998947317945e+00
2.760000000000010800e+01 1.053039241013472793e+00
2.770000000000010942e+01 1.049310702376395454e+00
2.780000000000011084e+01 1.045649513871647951e+00
2.790000000000011227e+01 1.042054821702661727e+00
2.800000000000011369e+01 1.038525787116816090e+00
2.810000000000011511e+01 1.035061586089437213e+00
2.820000000000011653e+01 1.031661409015502073e+00
2.830000000000011795e+01 1.028324460408828855e+00
2.840000000000011937e+01 1.025049958608556189e+00
2.850000000000012079e+01 1.021837135492700499e+00
2.860000000000012221e+01 1.018685236198603183e+00
2.870000000000012363e+01 1.015593518850078203e+00
2.880000000000012506e+01 1.012561254291076684e+00
2.890000000000012648e+01 1.009587725825692894e+00
2.900000000000012790e+01 1.006672228964336835e+00
2.910000000000012932e+01 1.003814071175911815e+00
2.920000000000013074e+01 1.001012571645831573e+00
2.930000000000013216e+01 9.982670610397231803e-01
2.940000000000013358e+01 9.955768812726606409e-01
2.950000000000013500e+01 9.929413852837857268e-01
2.960000000000013642e+01 9.903599368161710714e-01
2.970000000000013785e+01 9.878319102017850684e-01
2.980000000000013927e+01 9.853566901514291265e-01
2.990000000000014069e+01 9.829336715495119448e-01
3.000000000000014211e+01 9.805622592535334636e-01
3.010000000000014353e+01 9.782418678981639193e-01
3.020000000000014495e+01 9.759719217037851058e-01
3.030000000000014637e+01 9.737518542893894846e-01
3.040000000000014779e+01 9.715811084897202354e-01
3.050000000000014921e+01 9.694591361765405590e-01
3.060000000000015064e+01 9.673853980839300926e-01
3.070000000000015206e+01 9.653593636375035203e-01
3.080000000000015348e+01 9.633805107874505724e-01
3.090000000000015490e+01 9.614483258453017100e-01
3.100000000000015632e+01 9.595623033243241284e-01
3.110000000000015774e+01 9.577219457834552641e-01
3.120000000000015916e+01 9.559267636746859864e-01
3.130000000000016058e+01 9.541762751938077658e-01
3.140000000000016200e+01 9.524700061344358870e-01
3.150000000000016342e+01 9.508074897452307717e-01
3.160000000000016485e+01 9.491882665902346972e-01
3.170000000000016627e+01 9.476118844122485285e-01
3.180000000000016769e+01 9.460778979991738558e-01
3.190000000000016911e+01 9.445858690532433766e-01
3.200000000000017053e+01 9.431353660630722446e-01
3.210000000000017195e+01 9.417259641784625490e-01
3.220000000000017337e+01 9.403572450878862066e-01
3.230000000000017479e+01 9.390287968985904232e-01
3.240000000000017621e+01 9.377402140192553359e-01
3.250000000000017764e+01 9.364910970451432171e-01
3.260000000000017906e+01 9.352810526456823981e-01
3.270000000000018048e+01 9.341096934544217412e-01
3.280000000000018190e+01 9.329766379613043670e-01
3.290000000000018332e+01 9.318815104072004640e-01
3.300000000000018474e+01 9.308239406806485539e-01
3.310000000000018616e+01 9.298035642167494785e-01
3.320000000000018758e+01 9.288200218981667033e-01
3.330000000000018900e+01 9.278729599581754250e-01
3.340000000000019043e+01 9.269620298857230711e-01
3.350000000000019185e+01 9.260868883324415712e-01
3.360000000000019327e+01 9.252471970215763175e-01
3.370000000000019469e+01 9.244426226587778572e-01
3.380000000000019611e+01 9.236728368447230109e-01
3.390000000000019753e+01 9.229375159895110148e-01
3.400000000000019895e+01 9.222363412288034912e-01
3.410000000000020037e+01 9.215689983416636144e-01
3.420000000000020179e+01 9.209351776700546166e-01
3.430000000000020322e+01 9.203345740399609953e-01
3.440000000000020464e+01 9.197668866840953417e-01
3.450000000000020606e+01 9.192318191661532634e-01
3.460000000000020748e+01 9.187290793065824301e-01
3.470000000000020890e+01 9.182583791098292147e-01
3.480000000000021032e+01 9.178194346930339531e-01
3.490000000000021174e+01 9.174119662161355215e-01
3.500000000000021316e+01 9.170356978133585857e-01
3.510000000000021458e+01 9.166903575260521020e-01
3.520000000000021600e+01 9.163756772368436554e-01
3.530000000000021743e+01 9.160913926050880951e-01
3.540000000000021885e+01 9.158372430035754963e-01
3.550000000000022027e+01 9.156129714564723576e-01
3.560000000000022169e+01 9.154183245784681677e-01
3.570000000000022311e+01 9.152530525151041374e-01
3.580000000000022453e+01 9.151169088842520116e-01
3.590000000000022595e+01 9.150096507187214234e-01
3.600000000000022737e+01 9.149310384099722526e-01
3.610000000000022879e+01 9.148808356529036789e-01
3.620000000000023022e+01 9.148588093917001673e-01
3.630000000000023164e+01 9.148647297667092948e-01
3.640000000000023306e+01 9.148983700623301019e-01
3.650000000000023448e+01 9.149595066558889878e-01
3.660000000000023590e+01 9.150479189674837199e-01
3.670000000000023732e+01 9.151633894107714662e-01
3.680000000000023874e+01 9.153057033446846402e-01
3.690000000000024016e+01 9.154746490260522451e-01
3.700000000000024158e+01 9.156700175631067307e-01
3.710000000000024301e+01 9.158916028698592671e-01
3.720000000000024443e+01 9.161392016213243394e-01
3.730000000000024585e+01 9.164126132095756772e-01
3.740000000000024727e+01 9.167116397006155326e-01
3.750000000000024869e+01 9.170360857920403230e-01
3.760000000000025011e+01 9.173857587714868700e-01
3.770000000000025153e+01 9.177604684758415843e-01
3.780000000000025295e+01 9.181600272511962757e-01
3.790000000000025437e+01 9.185842499135381534e-01
3.800000000000025580e+01 9.190329537101529223e-01
3.810000000000025722e+01 9.195059582817333155e-01
3.820000000000025864e+01 9.200030856251727451e-01
3.830000000000026006e+01 9.205241600570324145e-01
3.840000000000026148e+01 9.210690081776670146e-01
3.850000000000026290e+01 9.216374588359981246e-01
3.860000000000026432e+01 9.222293430949169979e-01
3.870000000000026574e+01 9.228444941973097393e-01
3.880000000000026716e+01 9.234827475326866653e-01
3.890000000000026859e+01 9.241439406044090754e-01
3.900000000000027001e+01 9.248279129974953383e-01
3.910000000000027143e+01 9.255345063470001854e-01
3.920000000000027285e+01 9.262635643069513369e-01
3.930000000000027427e+01 9.270149325198360213e-01
3.940000000000027569e+01 9.277884585866216227e-01
3.950000000000027711e+01 9.285839920373046841e-01
3.960000000000027853e+01 9.294013843019758303e-01
3.970000000000027995e+01 9.302404886823861796e-01
3.980000000000028137e+01 9.311011603240147982e-01
3.990000000000028280e+01 9.319832561886173261e-01
4.000000000000028422e+01 9.328866350272512209e-01
4.010000000000028564e+01 9.338111573537686283e-01
4.020000000000028706e+01 9.347566854187659979e-01
4.030000000000028848e+01 9.357230831839808971e-01
4.040000000000028990e+01 9.367102162971303603e-01
4.050000000000029132e+01 9.377179520671783397e-01
4.060000000000029274e+01 9.387461594400262621e-01
4.070000000000029416e+01 9.397947089746185867e-01
4.080000000000029559e+01 9.408634728194527064e-01
4.090000000000029701e+01 9.419523246894894175e-01
4.100000000000029843e+01 9.430611398434527448e-01
4.110000000000029985e+01 9.441897950615139035e-01
4.120000000000030127e+01 9.453381686233487402e-01
4.130000000000030269e+01 9.465061402865667661e-01
4.140000000000030411e+01 9.476935912655002348e-01
4.150000000000030553e+01 9.489004042103473813e-01
4.160000000000030695e+01 9.501264631866639387e-01
4.170000000000030838e+01 9.513716536551971581e-01
4.180000000000030980e+01 9.526358624520521179e-01
4.190000000000031122e+01 9.539189777691884364e-01
4.200000000000031264e+01 9.552208891352392817e-01
4.210000000000031406e+01 9.565414873966450182e-01
4.220000000000031548e+01 9.578806646990984941e-01
4.230000000000031690e+01 9.592383144692940844e-01
4.240000000000031832e+01 9.606143313969764952e-01
4.250000000000031974e+01 9.620086114172812231e-01
4.260000000000032117e+01 9.634210516933637836e-01
4.270000000000032259e+01 9.648515505993110475e-01
4.280000000000032401e+01 9.663000077033302437e-01
4.290000000000032543e+01 9.677663237512081906e-01
4.300000000000032685e+01 9.692504006500409774e-01
4.310000000000032827e+01 9.707521414522219949e-01
4.320000000000032969e+01 9.722714503396894248e-01
4.330000000000033111e+01 9.738082326084259721e-01
4.340000000000033253e+01 9.753623946532065103e-01
4.350000000000033396e+01 9.769338439525889761e-01
4.360000000000033538e+01 9.785224890541441845e-01
4.370000000000033680e+01 9.801282395599217878e-01
4.380000000000033822e+01 9.817510061121440534e-01
4.390000000000033964e+01 9.833907003791279022e-01
4.400000000000034106e+01 9.850472350414287703e-01
4.410000000000034248e+01 9.867205237782029625e-01
4.420000000000034390e+01 9.884104812537830576e-01
4.430000000000034532e+01 9.901170231044652548e-01
4.440000000000034674e+01 9.918400659255017793e-01
4.450000000000034817e+01 9.935795272582993443e-01
4.460000000000034959e+01 9.953353255778125686e-01
4.470000000000035101e+01 9.971073802801369013e-01
4.480000000000035243e+01 9.988956116702929489e-01
4.490000000000035385e+01 1.000699940950199540e+00
4.500000000000035527e+01 1.002520290206830866e+00
4.510000000000035669e+01 1.004356582400560471e+00
4.520000000000035811e+01 1.006208741353679326e+00
4.530000000000035953e+01 1.008076691739092867e+00
4.540000000000036096e+01 1.009960359069191682e+00
4.550000000000036238e+01 1.011859669684888940e+00
4.560000000000036380e+01 1.013774550744827696e+00
4.570000000000036522e+01 1.015704930214752277e+00
4.580000000000036664e+01 1.017650736857038885e+00
4.590000000000036806e+01 1.019611900220386058e+00
4.600000000000036948e+01 1.021588350629661468e+00
4.610000000000037090e+01 1.023580019175900802e+00
4.620000000000037232e+01 1.025586837706456089e+00
4.630000000000037375e+01 1.027608738815294576e+00
4.640000000000037517e+01 1.029645655833442142e+00
4.650000000000037659e+01 1.031697522819565949e+00
4.660000000000037801e+01 1.033764274550703410e+00
4.670000000000037943e+01 1.035845846513125279e+00
4.680000000000038085e+01 1.037942174893334624e+00
4.690000000000038227e+01 1.040053196569201477e+00
4.700000000000038369e+01 1.042178849101225380e+00
4.710000000000038511e+01 1.044319070723930265e+00
4.720000000000038654e+01 1.046473800337383686e+00
4.730000000000038796e+01 1.048642977498841278e+00
4.740000000000038938e+01 1.050826542414513787e+00
4.750000000000039080e+01 1.053024435931456226e+00
4.760000000000039222e+01 1.055236599529571606e+00
4.770000000000039364e+01 1.057462975313736120e+00
4.780000000000039506e+01 1.059703506006034690e+00
4.790000000000039648e+01 1.061958134938111531e+00
4.800000000000039790e+01 1.064226806043631290e+00
4.810000000000039933e+01 1.066509463850848327e+00
4.820000000000040075e+01 1.068806053475283679e+00
4.830000000000040217e+01 1.071116520612508394e+00
4.840000000000040359e+01 1.073440811531026995e+00
4.850000000000040501e+01 1.075778873065269980e+00
4.860000000000040643e+01 1.078130652608678686e+00
4.870000000000040785e+01 1.080496098106892733e+00
4.880000000000040927e+01 1.082875158051036735e+00
4.890000000000041069e+01 1.085267781471097814e+00
4.900000000000041211e+01 1.087673917929399714e+00
4.910000000000041354e+01 1.090093517514169719e+00
4.920000000000041496e+01 1.092526530833195730e+00
4.930000000000041638e+01 1.094972909007572159e+00
4.940000000000041780e+01 1.097432603665535078e+00
4.950000000000041922e+01 1.099905566936384638e+00
4.960000000000042064e+01 1.102391751444489643e+00
4.970000000000042206e+01 1.104891110303379609e+00
4.980000000000042348e+01 1.107403597109917426e+00
4.990000000000042490e+01 1.109929165938553064e+00
5.000000000000042633e+01 1.112467771335659217e+00
5.010000000000042775e+01 1.115019368313943104e+00
5.020000000000042917e+01 1.117583912346935993e+00
5.030000000000043059e+01 1.120161359363562870e+00
5.040000000000043201e+01 1.122751665742781180e+00
5.050000000000043343e+01 1.125354788308296605e+00
5.060000000000043485e+01 1.127970684323352790e+00
5.070000000000043627e+01 1.130599311485589231e+00
5.080000000000043769e+01 1.133240627921972221e+00
5.090000000000043912e+01 1.135894592183793961e+00
5.100000000000044054e+01 1.138561163241740726e+00
5.110000000000044196e+01 1.141240300481026981e+00
5.120000000000044338e+01 1.143931963696595444e+00
5.130000000000044480e+01 1.146636113088385311e+00
5.140000000000044622e+01 1.149352709256661331e+00
5.150000000000044764e+01 1.152081713197405932e+00
5.160000000000044906e+01 1.154823086297776413e+00
5.170000000000045048e+01 1.157576790331620087e+00
5.180000000000045191e+01 1.160342787455051816e+00
5.190000000000045333e+01 1.163121040202090617e+00
5.200000000000045475e+01 1.165911511480352658e+00
5.210000000000045617e+01 1.168714164566804437e+00
5.220000000000045759e+01 1.171528963103571463e+00
5.230000000000045901e+01 1.174355871093802239e+00
5.240000000000046043e+01 1.177194852897589517e+00
5.250000000000046185e+01 1.180045873227941078e+00
5.260000000000046327e+01 1.182908897146807581e+00
5.270000000000046469e+01 1.185783890061163248e+00
5.280000000000046612e+01 1.188670817719135853e+00
5.290000000000046754e+01 1.191569646206187549e+00
5.300000000000046896e+01 1.194480341941350110e+00
5.310000000000047038e+01 1.197402871673503677e+00
5.320000000000047180e+01 1.200337202477706589e+00
5.330000000000047322e+01 1.203283301751576495e+00
5.340000000000047464e+01 1.206241137211713665e+00
5.350000000000047606e+01 1.209210676890172920e+00
5.360000000000047748e+01 1.212191889130981082e+00
5.370000000000047891e+01 1.215184742586701061e+00
5.380000000000048033e+01 1.218189206215039677e+00
5.390000000000048175e+01 1.221205249275495675e+00
5.400000000000048317e+01 1.224232841326058141e+00
5.410000000000048459e+01 1.227271952219940898e+00
5.420000000000048601e+01 1.230322552102361522e+00
5.430000000000048743e+01 1.233384611407363440e+00
5.440000000000048885e+01 1.236458100854675335e+00
5.450000000000049027e+01 1.239542991446611397e+00
5.460000000000049170e+01 1.242639254465013998e+00
5.470000000000049312e+01 1.245746861468231659e+00
5.480000000000049454e+01 1.248865784288138325e+00
5.490000000000049596e+01 1.251995995027187281e+00
5.500000000000049738e+01 1.255137466055506135e+00
5.510000000000049880e+01 1.258290170008024234e+00
5.520000000000050022e+01 1.261454079781642923e+00
5.530000000000050164e+01 1.264629168532432679e+00
5.540000000000050306e+01 1.267815409672871763e+00
5.550000000000050449e+01 1.271012776869117955e+00
5.560000000000050591e+01 1.274221244038316936e+00
5.570000000000050733e+01 1.277440785345935970e+00
5.580000000000050875e+01 1.280671375203142004e+00
5.590000000000051017e+01 1.283912988264204191e+00
5.600000000000051159e+01 1.287165599423933049e+00
5.610000000000051301e+01 1.290429183815149816e+00
5.620000000000051443e+01 1.293703716806186010e+00
5.630000000000051585e+01 1.296989173998418510e+00
5.640000000000051728e+01 1.300285531223826618e+00
5.650000000000051870e+01 1.303592764542591098e+00
5.660000000000052012e+01 1.306910850240711408e+00
5.670000000000052154e+01 1.310239764827658471e+00
5.680000000000052296e+01 1.313579485034055194e+00
5.690000000000052438e+01 1.316929987809385194e+00
5.700000000000052580e+01 1.320291250319727716e+00
5.710000000000052722e+01 1.323663249945524756e+00
5.720000000000052864e+01 1.327045964279369272e+00
5.730000000000053006e+01 1.330439371123825598e+00
5.740000000000053149e+01 1.333843448489274053e+00
5.750000000000053291e+01 1.337258174591780424e+00
5.760000000000053433e+01 1.340683527850994983e+00
5.770000000000053575e+01 1.344119486888073478e+00
5.780000000000053717e+01 1.347566030523621894e+00
5.790000000000053859e+01 1.351023137775673622e+00
5.800000000000054001e+01 1.354490787857680179e+00
5.810000000000054143e+01 1.357968960176536344e+00
5.820000000000054285e+01 1.361457634330620392e+00
5.830000000000054428e+01 1.364956790107862528e+00
5.840000000000054570e+01 1.368466407483838410e+00
5.850000000000054712e+01 1.371986466619876222e+00
5.860000000000054854e+01 1.375516947861199490e+00
5.870000000000054996e+01 1.379057831735079231e+00
5.880000000000055138e+01 1.382609098949016069e+00
5.890000000000055280e+01 1.386170730388942118e+00
5.900000000000055422e+01 1.389742707117441300e+00
5.910000000000055564e+01 1.393325010371996076e+00
5.920000000000055707e+01 1.396917621563247502e+00
5.930000000000055849e+01 1.400520522273283275e+00
5.940000000000055991e+01 1.404133694253940412e+00
5.950000000000056133e+01 1.407757119425131043e+00
5.960000000000056275e+01 1.411390779873185952e+00
5.970000000000056417e+01 1.415034657849217892e+00
5.980000000000056559e+01 1.418688735767505538e+00
5.990000000000056701e+01 1.422352996203892328e+00
6.000000000000056843e+01 1.426027421894209724e+00
6.010000000000056986e+01 1.429711995732713348e+00
6.020000000000057128e+01 1.433406700770540443e+00
6.030000000000057270e+01 1.437111520214183535e+00
6.040000000000057412e+01 1.440826437423982087e+00
6.050000000000057554e+01 1.444551435912634352e+00
6.060000000000057696e+01 1.448286499343720335e+00
6.070000000000057838e+01 1.452031611530247845e+00
6.080000000000057980e+01 1.455786756433210760e+00
6.090000000000058122e+01 1.459551918160167938e+00
6.100000000000058265e+01 1.463327080963832794e+00
6.110000000000058407e+01 1.467112229240687293e+00
6.120000000000058549e+01 1.470907347529600173e+00
6.130000000000058691e+01 1.474712420510474908e+00
6.140000000000058833e+01 1.478527433002899016e+00
6.150000000000058975e+01 1.482352369964818228e+00
6.160000000000059117e+01 1.486187216491224428e+00
6.170000000000059259e+01 1.490031957812854246e+00
6.180000000000059401e+01 1.493886579294904760e+00
6.190000000000059543e+01 1.497751066435764722e+00
6.200000000000059686e+01 1.501625404865760238e+00
6.210000000000059828e+01 1.505509580345909981e+00
6.220000000000059970e+01 1.509403578766702392e+00
6.230000000000060112e+01 1.513307386146877098e+00
6.240000000000060254e+01 1.517220988632229650e+00
6.250000000000060396e+01 1.521144372494420915e+00
6.260000000000060538e+01 1.525077524129806017e+00
6.270000000000060680e+01 1.529020430058273705e+00
6.280000000000060822e+01 1.532973076922096389e+00
6.290000000000060965e+01 1.536935451484799264e+00
6.300000000000061107e+01 1.540907540630035211e+00
6.310000000000061249e+01 1.544889331360476348e+00
6.320000000000061391e+01 1.548880810796716467e+00
6.330000000000061533e+01 1.552881966176186124e+00
6.340000000000061675e+01 1.556892784852076606e+00
6.350000000000061817e+01 1.560913254292282781e+00
6.360000000000061959e+01 1.564943362078346833e+00
6.370000000000062101e+01 1.568983095904428415e+00
6.380000000000062244e+01 1.573032443576268369e+00
6.390000000000062386e+01 1.577091393010179976e+00
6.400000000000062528e+01 1.581159932232038212e+00
6.410000000000061959e+01 1.585238049376293201e+00
6.420000000000062812e+01 1.589325732684980119e+00
6.430000000000063665e+01 1.593422970506750191e+00
6.440000000000063096e+01 1.597529751295908129e+00
6.450000000000062528e+01 1.601646063611462445e+00
6.460000000000063380e+01 1.605771896116182429e+00
6.470000000000064233e+01 1.609907237575667338e+00
6.480000000000063665e+01 1.614052076857424245e+00
6.490000000000063096e+01 1.618206402929960985e+00
6.500000000000063949e+01 1.622370204861883547e+00
6.510000000000064801e+01 1.626543471821001008e+00
6.520000000000064233e+01 1.630726193073446240e+00
6.530000000000063665e+01 1.634918357982805270e+00
6.540000000000064517e+01 1.639119956009251977e+00
6.550000000000065370e+01 1.643330976708691882e+00
6.560000000000064801e+01 1.647551409731920602e+00
6.570000000000064233e+01 1.651781244823788075e+00
6.580000000000065086e+01 1.656020471822369666e+00
6.590000000000065938e+01 1.660269080658147933e+00
6.600000000000065370e+01 1.664527061353203274e+00
6.610000000000064801e+01 1.668794404020414124e+00
6.620000000000065654e+01 1.673071098862663808e+00
6.630000000000066507e+01 1.677357136172053842e+00
6.640000000000065938e+01 1.681652506329132324e+00
6.650000000000065370e+01 1.685957199802123441e+00
6.660000000000066223e+01 1.690271207146165189e+00
6.670000000000067075e+01 1.694594519002564859e+00
6.680000000000066507e+01 1.698927126098046303e+00
6.690000000000065938e+01 1.703269019244021187e+00
6.700000000000066791e+01 1.707620189335857352e+00
6.710000000000067644e+01 1.711980627352155837e+00
6.720000000000067075e+01 1.716350324354040335e+00
6.730000000000066507e+01 1.720729271484452427e+00
6.740000000000067359e+01 1.725117459967449696e+00
6.750000000000068212e+01 1.729514881107514057e+00
6.760000000000067644e+01 1.733921526288870751e+00
6.770000000000067075e+01 1.738337386974810217e+00
6.780000000000067928e+01 1.742762454707015296e+00
6.790000000000068781e+01 1.747196721104900874e+00
6.800000000000068212e+01 1.751640177864954850e+00
6.810000000000067644e+01 1.756092816760091102e+00
6.820000000000068496e+01 1.760554629639006663e+00
6.830000000000069349e+01 1.765025608425539128e+00
6.840000000000068781e+01 1.769505745118044926e+00
6.850000000000068212e+01 1.773995031788770715e+00
6.860000000000069065e+01 1.778493460583238317e+00
6.870000000000069917e+01 1.783001023719631872e+00
6.880000000000069349e+01 1.787517713488194104e+00
6.890000000000068781e+01 1.792043522250629239e+00
6.900000000000069633e+01 1.796578442439509038e+00
6.910000000000070486e+01 1.801122466557685042e+00
6.920000000000069917e+01 1.805675587177711039e+00
6.930000000000069349e+01 1.810237796941265742e+00
6.940000000000070202e+01 1.814809088558586136e+00
6.950000000000071054e+01 1.819389454807902151e+00
6.960000000000070486e+01 1.823978888534879106e+00
6.970000000000069917e+01 1.828577382652070371e+00
6.980000000000070770e+01 1.833184930138364699e+00
6.990000000000071623e+01 1.837801524038447765e+00
7.000000000000071054e+01 1.842427157462268594e+00
7.010000000000070486e+01 1.847061823584506435e+00
7.020000000000071338e+01 1.851705515644049393e+00
7.030000000000072191e+01 1.856358226943471301e+00
7.040000000000071623e+01 1.861019950848517013e+00
7.050000000000071054e+01 1.865690680787599476e+00
7.060000000000071907e+01 1.870370410251286586e+00
7.070000000000072760e+01 1.875059132791807137e+00
7.080000000000072191e+01 1.879756842022555441e+00
7.090000000000071623e+01 1.884463531617602161e+00
7.100000000000072475e+01 1.889179195311210258e+00
7.110000000000073328e+01 1.893903826897352038e+00
7.120000000000072760e+01 1.898637420229235762e+00
7.130000000000072191e+01 1.903379969218838230e+00
7.140000000000073044e+01 1.908131467836435169e+00
7.150000000000073896e+01 1.912891910110140037e+00
7.160000000000073328e+01 1.917661290125448392e+00
7.170000000000072760e+01 1.922439602024785366e+00
7.180000000000073612e+01 1.927226840007061126e+00
7.190000000000074465e+01 1.932022998327218355e+00
7.200000000000073896e+01 1.936828071295800591e+00
7.210000000000073328e+01 1.941642053278518132e+00
7.220000000000074181e+01 1.946464938695812608e+00
7.230000000000075033e+01 1.951296722022431540e+00
7.240000000000074465e+01 1.956137397787007126e+00
7.250000000000073896e+01 1.960986960571638127e+00
7.260000000000074749e+01 1.965845405011475533e+00
7.270000000000075602e+01 1.970712725794310893e+00
7.280000000000075033e+01 1.975588917660169308e+00
7.290000000000074465e+01 1.980473975400910858e+00
7.300000000000075318e+01 1.985367893859828481e+00
7.310000000000076170e+01 1.990270667931255621e+00
7.320000000000075602e+01 1.995182292560171433e+00
7.330000000000075033e+01 2.000102762741818641e+00
7.340000000000075886e+01 2.005032073521316960e+00
7.350000000000076739e+01 2.009970219993283180e+00
7.360000000000076170e+01 2.014917197301456131e+00
7.370000000000075602e+01 2.019873000638322758e+00
7.380000000000076454e+01 2.024837625244749528e+00
7.390000000000077307e+01 2.029811066409619613e+00
7.400000000000076739e+01 2.034793319469463402e+00
7.410000000000076170e+01 2.039784379808109449e+00
7.420000000000077023e+01 2.044784242856320766e+00
7.430000000000077875e+01 2.049792904091449319e+00
7.440000000000077307e+01 2.054810359037080314e+00
7.450000000000076739e+01 2.059836603262694243e+00
7.460000000000077591e+01 2.064871632383319611e+00
7.470000000000078444e+01 2.069915442059198973e+00
7.480000000000077875e+01 2.074968027995446107e+00
7.490000000000077307e+01 2.080029385941719600e+00
7.500000000000078160e+01 2.085099511691891117e+00
7.510000000000079012e+01 2.090178401083719439e+00
7.520000000000078444e+01 2.095266049998525393e+00
7.530000000000077875e+01 2.100362454360875653e+00
7.540000000000078728e+01 2.105467610138261669e+00
7.550000000000079581e+01 2.110581513340785698e+00
7.560000000000079012e+01 2.115704160020849489e+00
7.570000000000078444e+01 2.120835546272849204e+00
7.580000000000079297e+01 2.125975668232866767e+00
7.590000000000080149e+01 2.131124522078364336e+00
7.600000000000079581e+01 2.136282104027888096e+00
7.610000000000079012e+01 2.141448410340771602e+00
7.620000000000079865e+01 2.146623437316838690e+00
7.630000000000080718e+01 2.151807181296112148e+00
7.640000000000080149e+01 2.156999638658525065e+00
7.650000000000079581e+01 2.162200805823634386e+00
7.660000000000080433e+01 2.167410679250338479e+00
7.670000000000081286e+01 2.172629255436593354e+00
7.680000000000080718e+01 2.177856530919132005e+00
7.690000000000080149e+01 2.183092502273195290e+00
7.700000000000081002e+01 2.188337166112254817e+00
7.710000000000081855e+01 2.193590519087738500e+00
7.720000000000081286e+01 2.198852557888764103e+00
7.730000000000080718e+01 2.204123279241877231e+00
7.740000000000081570e+01 2.209402679910783540e+00
7.750000000000082423e+01 2.214690756696085394e+00
7.760000000000081855e+01 2.219987506435025182e+00
7.770000000000081286e+01 2.225292926001233074e+00
7.780000000000082139e+01 2.230607012304465453e+00
7.790000000000082991e+01 2.235929762290355338e+00
7.800000000000082423e+01 2.241261172940164137e+00
7.810000000000081855e+01 2.246601241270532956e+00
7.820000000000082707e+01 2.251949964333239684e+00
7.830000000000083560e+01 2.257307339214950304e+00
7.840000000000082991e+01 2.262673363036982632e+00
7.850000000000082423e+01 2.268048032955068738e+00
7.860000000000083276e+01 2.273431346159113797e+00
7.870000000000084128e+01 2.278823299872965613e+00
7.880000000000083560e+01 2.284223891354177027e+00
7.890000000000082991e+01 2.289633117893783876e+00
7.900000000000083844e+01 2.295050976816070509e+00
7.910000000000084697e+01 2.300477465478343309e+00
7.920000000000084128e+01 2.305912581270709971e+00
7.930000000000083560e+01 2.311356321615854803e+00
7.940000000000084412e+01 2.316808683968822447e+00
7.950000000000085265e+01 2.322269665816791839e+00
7.960000000000084697e+01 2.327739264678868381e+00
7.970000000000084128e+01 2.333217478105864107e+00
7.980000000000084981e+01 2.338704303680087637e+00
7.990000000000085834e+01 2.344199739015131900e+00
