0.000000000000000000e+00 4.593428337658713168e-01
1.000000000000000000e+00 5.690051048890863994e-01
2.000000000000000000e+00 6.786673760123015375e-01
3.000000000000000000e+00 7.883296471355164536e-01
4.000000000000000000e+00 8.979919182587317028e-01
5.000000000000000000e+00 1.007654189381946619e+00
6.000000000000000000e+00 1.117316460505161979e+00
7.000000000000000000e+00 1.226978731628376895e+00
8.000000000000000000e+00 1.336641002751592033e+00
9.000000000000000000e+00 1.446303273874807171e+00
1.000000000000000000e+01 1.555965544998022088e+00
1.100000000000000000e+01 1.665627816121237448e+00
1.200000000000000000e+01 1.775290087244452364e+00
1.300000000000000000e+01 1.884952358367667280e+00
1.400000000000000000e+01 1.994614629490882418e+00
1.500000000000000000e+01 2.104276900614097556e+00
1.600000000000000000e+01 2.213939171737312694e+00
