1.009999999999999960e-02 -2.977379764028205589e+00
2.019999999999999921e-02 -2.216791699520520353e+00
3.030000000000000054e-02 -1.848544554677929552e+00
4.039999999999999841e-02 -1.652027818449551377e+00
5.050000000000000322e-02 -1.472547608304895173e+00
6.060000000000000109e-02 -1.392071121179306425e+00
7.069999999999999896e-02 -1.302020767991877825e+00
8.079999999999999682e-02 -1.227720494313122801e+00
9.089999999999999469e-02 -1.191287696200171720e+00
1.010000000000000064e-01 -1.152892804333275789e+00
1.111000000000000043e-01 -1.105532897689694760e+00
1.212000000000000022e-01 -1.073043817196390082e+00
1.313000000000000000e-01 -1.055359278811487389e+00
1.413999999999999979e-01 -1.033433806330078308e+00
1.514999999999999958e-01 -1.003514359057044780e+00
1.615999999999999936e-01 -9.782140439786389807e-01
1.716999999999999915e-01 -9.638042516669580451e-01
1.817999999999999894e-01 -9.528078335008158817e-01
1.918999999999999873e-01 -9.369585263392971042e-01
2.020000000000000129e-01 -9.176520437154506160e-01
2.121000000000000107e-01 -9.016057498795241321e-01
2.222000000000000086e-01 -8.912999593077975957e-01
2.323000000000000065e-01 -8.830064828223077589e-01
2.424000000000000044e-01 -8.725234190217115993e-01
2.525000000000000022e-01 -8.598501963763197642e-01
2.626000000000000001e-01 -8.477244693263856767e-01
2.726999999999999980e-01 -8.373189492955058766e-01
2.827999999999999958e-01 -8.268768212452891619e-01
2.928999999999999937e-01 -8.144419209093671785e-01
3.029999999999999916e-01 -8.008416743759343426e-01
3.130999999999999894e-01 -7.892322114137885203e-01
3.231999999999999873e-01 -7.817351498718626557e-01
3.332999999999999852e-01 -7.768844657946891719e-01
3.433999999999999830e-01 -7.705908498429955289e-01
3.534999999999999809e-01 -7.596519831875840900e-01
3.635999999999999788e-01 -7.444162003523023818e-01
3.736999999999999766e-01 -7.282276771006505056e-01
3.837999999999999745e-01 -7.144057374951452433e-01
3.938999999999999724e-01 -7.036330943490229917e-01
4.040000000000000258e-01 -6.939484428347678646e-01
4.141000000000000236e-01 -6.829984218348255087e-01
4.242000000000000215e-01 -6.702759488945264632e-01
4.343000000000000194e-01 -6.573785053847169824e-01
4.444000000000000172e-01 -6.463182610721042165e-01
4.545000000000000151e-01 -6.376433075606741108e-01
4.646000000000000130e-01 -6.300907881700977820e-01
4.747000000000000108e-01 -6.219183308322745463e-01
4.848000000000000087e-01 -6.125178807097356737e-01
4.949000000000000066e-01 -6.027930477108693896e-01
5.050999999999999934e-01 -5.939869452018003981e-01
5.151999999999999913e-01 -5.866153369605343615e-01
5.252999999999999892e-01 -5.796365162382519642e-01
5.353999999999999870e-01 -5.718570722760628611e-01
5.454999999999999849e-01 -5.631226856470479269e-01
5.555999999999999828e-01 -5.545123226877918254e-01
5.656999999999999806e-01 -5.471919585146047815e-01
5.757999999999999785e-01 -5.410529544635279686e-01
5.858999999999999764e-01 -5.345709896147733398e-01
5.959999999999999742e-01 -5.261913962961681790e-01
6.060999999999999721e-01 -5.159986985583596697e-01
6.161999999999999700e-01 -5.059795535344773221e-01
6.262999999999999678e-01 -4.984009766155115817e-01
6.363999999999999657e-01 -4.936626822224202127e-01
6.464999999999999636e-01 -4.896724144757414465e-01
6.565999999999999615e-01 -4.835156892193621658e-01
6.666999999999999593e-01 -4.740101949621326471e-01
6.767999999999999572e-01 -4.627512159989797813e-01
6.868999999999999551e-01 -4.525899602297437374e-01
6.969999999999999529e-01 -4.449967218283755188e-01
7.070999999999999508e-01 -4.389337066768617124e-01
7.171999999999999487e-01 -4.323232667437015286e-01
7.272999999999999465e-01 -4.243872245243625052e-01
7.374000000000000554e-01 -4.161276811504197037e-01
7.475000000000000533e-01 -4.084223641578922370e-01
7.576000000000000512e-01 -4.003183951118142736e-01
7.677000000000000490e-01 -3.901923418288991141e-01
7.778000000000000469e-01 -3.786857128277321127e-01
7.879000000000000448e-01 -3.690953035301619556e-01
7.980000000000000426e-01 -3.633086254083316424e-01
8.081000000000000405e-01 -3.579438053044196044e-01
8.182000000000000384e-01 -3.473213726698030079e-01
8.283000000000000362e-01 -3.316557479064376479e-01
8.384000000000000341e-01 -3.190164651285228858e-01
8.485000000000000320e-01 -3.145817817038399355e-01
8.586000000000000298e-01 -3.102796927053858012e-01
8.687000000000000277e-01 -2.943179077566920321e-01
8.788000000000000256e-01 -2.721347107910916940e-01
8.889000000000000234e-01 -2.619533627834095824e-01
8.990000000000000213e-01 -2.610181108765100011e-01
9.091000000000000192e-01 -2.441990679832628519e-01
9.192000000000000171e-01 -2.181932955079955994e-01
9.293000000000000149e-01 -2.196713012030720447e-01
9.394000000000000128e-01 -2.193687911484346331e-01
9.495000000000000107e-01 -1.738684399529102642e-01
9.596000000000000085e-01 -1.683969391903596402e-01
9.697000000000000064e-01 -1.394288039979654503e-01
9.798000000000000043e-01 -1.215902166444750993e-01
9.899000000000000021e-01 -2.659542306639304035e-02
