1.009999999999999960e-02 -9.039296599614881078e-01
2.019999999999999921e-02 -7.581398518191913016e-01
3.030000000000000054e-02 -6.637146769942573465e-01
4.039999999999999841e-02 -6.312927146265240319e-01
5.050000000000000322e-02 -5.643917075634931058e-01
6.060000000000000109e-02 -5.674630534881703881e-01
7.069999999999999896e-02 -5.426972078074042694e-01
8.079999999999999682e-02 -5.213087009067129962e-01
9.089999999999999469e-02 -5.289453823489601580e-01
1.010000000000000064e-01 -5.280399290089546893e-01
1.111000000000000043e-01 -5.131151819180204132e-01
1.212000000000000022e-01 -5.090785891672041652e-01
1.313000000000000000e-01 -5.166416824157749055e-01
1.413999999999999979e-01 -5.173391635551611856e-01
1.514999999999999958e-01 -5.078608096387526860e-01
1.615999999999999936e-01 -5.011644064070469584e-01
1.716999999999999915e-01 -5.037942262732841847e-01
1.817999999999999894e-01 -5.084923868480514253e-01
1.918999999999999873e-01 -5.071711258990125870e-01
2.020000000000000129e-01 -5.013731664277694122e-01
2.121000000000000107e-01 -4.979382083916261137e-01
2.222000000000000086e-01 -4.994493235351581961e-01
2.323000000000000065e-01 -5.022653663842203686e-01
2.424000000000000044e-01 -5.022587366816823051e-01
2.525000000000000022e-01 -4.994927332222222072e-01
2.626000000000000001e-01 -4.967602687181987831e-01
2.726999999999999980e-01 -4.952821462955925291e-01
2.827999999999999958e-01 -4.933436356012795843e-01
2.928999999999999937e-01 -4.890255882398494292e-01
3.029999999999999916e-01 -4.831881425195536095e-01
3.130999999999999894e-01 -4.790164654387829568e-01
3.231999999999999873e-01 -4.786580571562465414e-01
3.332999999999999852e-01 -4.806700541142548966e-01
3.433999999999999830e-01 -4.809839481526155813e-01
3.534999999999999809e-01 -4.764161679190769827e-01
3.635999999999999788e-01 -4.673320004374028613e-01
3.736999999999999766e-01 -4.570909991965640407e-01
3.837999999999999745e-01 -4.490264795190070379e-01
3.938999999999999724e-01 -4.438339207759201543e-01
4.040000000000000258e-01 -4.395636995554133564e-01
4.141000000000000236e-01 -4.338731719135015541e-01
4.242000000000000215e-01 -4.262651134777382667e-01
4.343000000000000194e-01 -4.183460964122743819e-01
4.444000000000000172e-01 -4.121366944340194571e-01
4.545000000000000151e-01 -4.081927870031327732e-01
4.646000000000000130e-01 -4.052587516436771398e-01
4.747000000000000108e-01 -4.015989521447477228e-01
4.848000000000000087e-01 -3.966116203337606283e-01
4.949000000000000066e-01 -3.912062474354579544e-01
5.050999999999999934e-01 -3.866729332114995921e-01
5.151999999999999913e-01 -3.834488869794150934e-01
5.252999999999999892e-01 -3.805396019740811542e-01
5.353999999999999870e-01 -3.767562800269506074e-01
5.454999999999999849e-01 -3.719489705354028786e-01
5.555999999999999828e-01 -3.672007888253640551e-01
5.656999999999999806e-01 -3.636816611542871280e-01
5.757999999999999785e-01 -3.612867224666511667e-01
5.858999999999999764e-01 -3.584952668081164973e-01
5.959999999999999742e-01 -3.537561005162030980e-01
6.060999999999999721e-01 -3.471570973862017073e-01
6.161999999999999700e-01 -3.406881559180512942e-01
6.262999999999999678e-01 -3.366194397597599974e-01
6.363999999999999657e-01 -3.353537333081252902e-01
6.464999999999999636e-01 -3.348017869468669638e-01
6.565999999999999615e-01 -3.320520735622246589e-01
6.666999999999999593e-01 -3.259252040920431193e-01
6.767999999999999572e-01 -3.180193655768649985e-01
6.868999999999999551e-01 -3.111886644592178897e-01
6.969999999999999529e-01 -3.069063055407377782e-01
7.070999999999999508e-01 -3.041374348073923040e-01
7.171999999999999487e-01 -3.008073926498281980e-01
7.272999999999999465e-01 -2.961410590107141916e-01
7.374000000000000554e-01 -2.911436845682257579e-01
7.475000000000000533e-01 -2.866962645640332985e-01
7.576000000000000512e-01 -2.818493362427236804e-01
7.677000000000000490e-01 -2.749830656160976439e-01
7.778000000000000469e-01 -2.667427824231545230e-01
7.879000000000000448e-01 -2.604293744153209356e-01
7.980000000000000426e-01 -2.579347742653346764e-01
8.081000000000000405e-01 -2.558819291201717139e-01
8.182000000000000384e-01 -2.485966743057446970e-01
8.283000000000000362e-01 -2.362993295071935951e-01
8.384000000000000341e-01 -2.270660578866703638e-01
8.485000000000000320e-01 -2.260826506055826357e-01
8.586000000000000298e-01 -2.252857694717808057e-01
8.687000000000000277e-01 -2.128932267313011495e-01
8.788000000000000256e-01 -1.943552551275307683e-01
8.889000000000000234e-01 -1.879094790819434979e-01
8.990000000000000213e-01 -1.908177322249456354e-01
9.091000000000000192e-01 -1.779721222907372224e-01
9.192000000000000171e-01 -1.560979159309308639e-01
9.293000000000000149e-01 -1.619028994974417435e-01
9.394000000000000128e-01 -1.661739338969093482e-01
9.495000000000000107e-01 -1.255673625569747598e-01
9.596000000000000085e-01 -1.254230978038962108e-01
9.697000000000000064e-01 -1.024066886078291161e-01
9.798000000000000043e-01 -9.151799034975485747e-02
9.899000000000000021e-01 -5.439906295937612518e-03
