1.009999999999999960e-02 -4.359679833406016058e+00
2.019999999999999921e-02 -3.189226264654738685e+00
3.030000000000000054e-02 -2.638431139800377245e+00
4.039999999999999841e-02 -2.332517887664902645e+00
5.050000000000000322e-02 -2.077984875465830772e+00
6.060000000000000109e-02 -1.941809832973396155e+00
7.069999999999999896e-02 -1.808236474781526715e+00
8.079999999999999682e-02 -1.698661689917395856e+00
9.089999999999999469e-02 -1.632849238767646316e+00
1.010000000000000064e-01 -1.569461387882822523e+00
1.111000000000000043e-01 -1.500478041537478102e+00
1.212000000000000022e-01 -1.449020635882513730e+00
1.313000000000000000e-01 -1.414504343075295045e+00
1.413999999999999979e-01 -1.377496901513356020e+00
1.514999999999999958e-01 -1.333950058669239658e+00
1.615999999999999936e-01 -1.296247135693034069e+00
1.716999999999999915e-01 -1.270477601929407507e+00
1.817999999999999894e-01 -1.249018131269326259e+00
1.918999999999999873e-01 -1.223483459966153930e+00
2.020000000000000129e-01 -1.195171295240571308e+00
2.121000000000000107e-01 -1.170717444204789404e+00
2.222000000000000086e-01 -1.152533716489557047e+00
2.323000000000000065e-01 -1.136833893781032945e+00
2.424000000000000044e-01 -1.119366540581731240e+00
2.525000000000000022e-01 -1.100088505145717654e+00
2.626000000000000001e-01 -1.081700603065176569e+00
2.726999999999999980e-01 -1.065343484628781479e+00
2.827999999999999958e-01 -1.049232278341294622e+00
2.928999999999999937e-01 -1.031386142689046936e+00
3.029999999999999916e-01 -1.012610695613521461e+00
3.130999999999999894e-01 -9.960427087304589699e-01
3.231999999999999873e-01 -9.837865450156066949e-01
3.332999999999999852e-01 -9.743607402483120961e-01
3.433999999999999830e-01 -9.636621176365819386e-01
3.534999999999999809e-01 -9.484758600332554579e-01
3.635999999999999788e-01 -9.291390002955682847e-01
3.736999999999999766e-01 -9.089854623700416303e-01
3.837999999999999745e-01 -8.913252428125707505e-01
3.938999999999999724e-01 -8.768325433977579575e-01
4.040000000000000258e-01 -8.635382716876708331e-01
4.141000000000000236e-01 -8.490819217823746268e-01
4.242000000000000215e-01 -8.329498391723851869e-01
4.343000000000000194e-01 -8.167334446996785680e-01
4.444000000000000172e-01 -8.024393054974940931e-01
4.545000000000000151e-01 -7.906103212657012991e-01
4.646000000000000130e-01 -7.799788125210447287e-01
4.747000000000000108e-01 -7.687979166239592432e-01
4.848000000000000087e-01 -7.564553876270522226e-01
4.949000000000000066e-01 -7.438509145611436058e-01
5.050999999999999934e-01 -7.321962865286677502e-01
5.151999999999999913e-01 -7.220596369479472809e-01
5.252999999999999892e-01 -7.123677924143659856e-01
5.353999999999999870e-01 -7.019242671088046226e-01
5.454999999999999849e-01 -6.905718290548112925e-01
5.555999999999999828e-01 -6.793866785960770427e-01
5.656999999999999806e-01 -6.695321567548166986e-01
5.757999999999999785e-01 -6.608971091281125032e-01
5.858999999999999764e-01 -6.519548048192110867e-01
5.959999999999999742e-01 -6.411482601494782330e-01
6.060999999999999721e-01 -6.285597660064651260e-01
6.161999999999999700e-01 -6.161738186120946370e-01
6.262999999999999678e-01 -6.062553345193464338e-01
6.363999999999999657e-01 -5.992019814986163651e-01
6.464999999999999636e-01 -5.929194994949907871e-01
6.565999999999999615e-01 -5.844914329907870965e-01
6.666999999999999593e-01 -5.727335222088590916e-01
6.767999999999999572e-01 -5.592391162803898030e-01
6.868999999999999551e-01 -5.468574907434280430e-01
6.969999999999999529e-01 -5.370569993534672903e-01
7.070999999999999508e-01 -5.287978879231747253e-01
7.171999999999999487e-01 -5.200005161396170639e-01
7.272999999999999465e-01 -5.098846682001280106e-01
7.374000000000000554e-01 -4.994503455385491675e-01
7.475000000000000533e-01 -4.895730972204648812e-01
7.576000000000000512e-01 -4.792977676912080764e-01
7.677000000000000490e-01 -4.669985259707668535e-01
7.778000000000000469e-01 -4.533143330974505059e-01
7.879000000000000448e-01 -4.415392562733891912e-01
7.980000000000000426e-01 -4.335578595036628791e-01
8.081000000000000405e-01 -4.259850560939180131e-01
8.182000000000000384e-01 -4.131378382458418264e-01
8.283000000000000362e-01 -3.952266935059335906e-01
8.384000000000000341e-01 -3.803167366230912894e-01
8.485000000000000320e-01 -3.735812024360115058e-01
8.586000000000000298e-01 -3.669423081944557241e-01
8.687000000000000277e-01 -3.486010284402858428e-01
8.788000000000000256e-01 -3.239876812334654965e-01
8.889000000000000234e-01 -3.113159519177204348e-01
8.990000000000000213e-01 -3.078183633108862449e-01
9.091000000000000192e-01 -2.883503651116132160e-01
9.192000000000000171e-01 -2.595902152260388118e-01
9.293000000000000149e-01 -2.581835690068256528e-01
9.394000000000000128e-01 -2.548320293161182026e-01
9.495000000000000107e-01 -2.060691582168672487e-01
9.596000000000000085e-01 -1.970461667813352413e-01
9.697000000000000064e-01 -1.641102142580561918e-01
9.798000000000000043e-01 -1.416383675076219040e-01
9.899000000000000021e-01 -4.069910091336335217e-02
