1.009999999999999960e-02 1.327953920718707714e-01
2.019999999999999921e-02 -2.881392796852724064e-02
3.030000000000000054e-02 -7.129973815242211799e-02
4.039999999999999841e-02 -1.209251627150104286e-01
5.050000000000000322e-02 -1.103137571927921140e-01
6.060000000000000109e-02 -1.551590196426026746e-01
7.069999999999999896e-02 -1.630354277151670472e-01
8.079999999999999682e-02 -1.681028042035081216e-01
9.089999999999999469e-02 -1.977742254233544328e-01
1.010000000000000064e-01 -2.156134913467946668e-01
1.111000000000000043e-01 -2.169063240321830177e-01
1.212000000000000022e-01 -2.270959751526113457e-01
1.313000000000000000e-01 -2.472828842179188580e-01
1.413999999999999979e-01 -2.592918421677030127e-01
1.514999999999999958e-01 -2.600340349296061948e-01
1.615999999999999936e-01 -2.626395876212513913e-01
1.716999999999999915e-01 -2.737892135764469770e-01
1.817999999999999894e-01 -2.863346635216694192e-01
1.918999999999999873e-01 -2.922774256788700509e-01
2.020000000000000129e-01 -2.932337277839292544e-01
2.121000000000000107e-01 -2.961044376476771323e-01
2.222000000000000086e-01 -3.035240056488386351e-01
2.323000000000000065e-01 -3.118948081651766180e-01
2.424000000000000044e-01 -3.171263955116675470e-01
2.525000000000000022e-01 -3.193140016451734842e-01
2.626000000000000001e-01 -3.212781684141054472e-01
2.726999999999999980e-01 -3.242637447956357999e-01
2.827999999999999958e-01 -3.265770427792746844e-01
2.928999999999999937e-01 -3.263174219050903324e-01
3.029999999999999916e-01 -3.243613765913629376e-01
3.130999999999999894e-01 -3.239085924512802306e-01
3.231999999999999873e-01 -3.271195107984382622e-01
3.332999999999999852e-01 -3.325628482740375924e-01
3.433999999999999830e-01 -3.361804973074254965e-01
3.534999999999999809e-01 -3.347982602848234568e-01
3.635999999999999788e-01 -3.287899004799533231e-01
3.736999999999999766e-01 -3.215226602445206971e-01
3.837999999999999745e-01 -3.163368505309379075e-01
3.938999999999999724e-01 -3.139343339893689300e-01
4.040000000000000258e-01 -3.123713279157360190e-01
4.141000000000000236e-01 -3.093105469528398266e-01
4.242000000000000215e-01 -3.042596957693441961e-01
4.343000000000000194e-01 -2.988298919260531372e-01
4.444000000000000172e-01 -2.950459111149770219e-01
4.545000000000000151e-01 -2.934675267243622709e-01
4.646000000000000130e-01 -2.928427333804670130e-01
4.747000000000000108e-01 -2.914392628009841446e-01
4.848000000000000087e-01 -2.886584901457731611e-01
4.949000000000000066e-01 -2.854128472977522923e-01
5.050999999999999934e-01 -2.830159272163491058e-01
5.151999999999999913e-01 -2.818656619888553760e-01
5.252999999999999892e-01 -2.809911448419955549e-01
5.353999999999999870e-01 -2.792058839023943140e-01
5.454999999999999849e-01 -2.763621129795802989e-01
5.555999999999999828e-01 -2.735450218941501421e-01
5.656999999999999806e-01 -2.719265124741282458e-01
5.757999999999999785e-01 -2.714036064682128213e-01
5.858999999999999764e-01 -2.704574054047880760e-01
5.959999999999999742e-01 -2.675384526262203355e-01
6.060999999999999721e-01 -2.627362968001226706e-01
6.161999999999999700e-01 -2.580424571098380859e-01
6.262999999999999678e-01 -2.557286713318843163e-01
6.363999999999999657e-01 -2.561992588509778845e-01
6.464999999999999636e-01 -2.573664731824297780e-01
6.565999999999999615e-01 -2.563202657336559054e-01
6.666999999999999593e-01 -2.518827086569984108e-01
6.767999999999999572e-01 -2.456534403658076626e-01
6.868999999999999551e-01 -2.404880165739550490e-01
6.969999999999999529e-01 -2.378610973969189635e-01
7.070999999999999508e-01 -2.367392988726576830e-01
7.171999999999999487e-01 -2.350494556028915327e-01
7.272999999999999465e-01 -2.320179762538898960e-01
7.374000000000000554e-01 -2.286516862771287850e-01
7.475000000000000533e-01 -2.258332147671038570e-01
7.576000000000000512e-01 -2.226148068081781894e-01
7.677000000000000490e-01 -2.173784275096971863e-01
7.778000000000000469e-01 -2.107713172208658114e-01
7.879000000000000448e-01 -2.060964098579005366e-01
7.980000000000000426e-01 -2.052478486938362212e-01
8.081000000000000405e-01 -2.048509910280478796e-01
8.182000000000000384e-01 -1.992343251237154444e-01
8.283000000000000362e-01 -1.886211203075715548e-01
8.384000000000000341e-01 -1.810908542657439779e-01
8.485000000000000320e-01 -1.818330850564540135e-01
8.586000000000000298e-01 -1.827888078549783080e-01
8.687000000000000277e-01 -1.721808862186057498e-01
8.788000000000000256e-01 -1.554655272957503609e-01
8.889000000000000234e-01 -1.508875372312105667e-01
8.990000000000000213e-01 -1.557175428991635080e-01
9.091000000000000192e-01 -1.448586494444742967e-01
9.192000000000000171e-01 -1.250502261423984685e-01
9.293000000000000149e-01 -1.330186986446265651e-01
9.394000000000000128e-01 -1.395765052711467058e-01
9.495000000000000107e-01 -1.014168238590070492e-01
9.596000000000000085e-01 -1.039361771106644683e-01
9.697000000000000064e-01 -8.389563091276094897e-02
9.798000000000000043e-01 -7.648187720239477128e-02
9.899000000000000021e-01 5.137852089290117011e-03
