1.009999999999999960e-02 -5.583546426170351573e-01
2.019999999999999921e-02 -5.150312105356367187e-01
3.030000000000000054e-02 -4.662430307136457563e-01
4.039999999999999841e-02 -4.611701973226861040e-01
5.050000000000000322e-02 -4.130323907732594280e-01
6.060000000000000109e-02 -4.300283755396479002e-01
7.069999999999999896e-02 -4.161432811099913809e-01
8.079999999999999682e-02 -4.035734020056446769e-01
9.089999999999999469e-02 -4.185549967070917865e-01
1.010000000000000064e-01 -4.238977831215680059e-01
1.111000000000000043e-01 -4.143788959560745222e-01
1.212000000000000022e-01 -4.150843844956735307e-01
1.313000000000000000e-01 -4.268554163498229359e-01
1.413999999999999979e-01 -4.313233897593420352e-01
1.514999999999999958e-01 -4.252518847357038556e-01
1.615999999999999936e-01 -4.216561334784486581e-01
1.716999999999999915e-01 -4.271258887076717636e-01
1.817999999999999894e-01 -4.344398124059242194e-01
1.918999999999999873e-01 -4.355398924922982973e-01
2.020000000000000129e-01 -4.319933535464896557e-01
2.121000000000000107e-01 -4.306602848103098236e-01
2.222000000000000086e-01 -4.341408842397184165e-01
2.323000000000000065e-01 -4.388085136445391554e-01
2.424000000000000044e-01 -4.405479562916773117e-01
2.525000000000000022e-01 -4.394331560298725958e-01
2.626000000000000001e-01 -4.382662352835010044e-01
2.726999999999999980e-01 -4.382760124622736564e-01
2.827999999999999958e-01 -4.377547713272778029e-01
2.928999999999999937e-01 -4.347895327949296562e-01
3.029999999999999916e-01 -4.302458872101566079e-01
3.130999999999999894e-01 -4.273138411096154554e-01
3.231999999999999873e-01 -4.281452083703105593e-01
3.332999999999999852e-01 -4.313009855008489990e-01
3.433999999999999830e-01 -4.327161312042188124e-01
3.534999999999999809e-01 -4.292101987076591407e-01
3.635999999999999788e-01 -4.211513004515862746e-01
3.736999999999999766e-01 -4.119015528792162595e-01
3.837999999999999745e-01 -4.047966031896506611e-01
3.938999999999999724e-01 -4.005340585137364129e-01
4.040000000000000258e-01 -3.971662423421876142e-01
4.141000000000000236e-01 -3.923522969266143856e-01
4.242000000000000215e-01 -3.855966409082735580e-01
4.343000000000000194e-01 -3.785073615835339855e-01
4.444000000000000172e-01 -3.731064333276720157e-01
4.545000000000000151e-01 -3.699510335768759206e-01
4.646000000000000130e-01 -3.677867455559404308e-01
4.747000000000000108e-01 -3.648790556968264931e-01
4.848000000000000087e-01 -3.606272436044315466e-01
4.949000000000000066e-01 -3.559417807228894004e-01
5.050999999999999934e-01 -3.521205978797828373e-01
5.151999999999999913e-01 -3.495878119825618913e-01
5.252999999999999892e-01 -3.473567829300526211e-01
5.353999999999999870e-01 -3.442394813187651392e-01
5.454999999999999849e-01 -3.400866846834620372e-01
5.555999999999999828e-01 -3.359821998482927508e-01
5.656999999999999806e-01 -3.330966115942342043e-01
5.757999999999999785e-01 -3.313256838005049776e-01
5.858999999999999764e-01 -3.291493130070070050e-01
5.959999999999999742e-01 -3.250168845528755845e-01
6.060999999999999721e-01 -3.190168305241752877e-01
6.161999999999999700e-01 -3.131395896486469099e-01
6.262999999999999678e-01 -3.096558502838013260e-01
6.363999999999999657e-01 -3.089689084890761550e-01
6.464999999999999636e-01 -3.089900156920545871e-01
6.565999999999999615e-01 -3.068081376193684262e-01
6.666999999999999593e-01 -3.012443722803615498e-01
6.767999999999999572e-01 -2.938973905065124792e-01
6.868999999999999551e-01 -2.876217818307968965e-01
6.969999999999999529e-01 -2.838912361594648215e-01
7.070999999999999508e-01 -2.816713894958141062e-01
7.171999999999999487e-01 -2.788880803008493281e-01
7.272999999999999465e-01 -2.747666980917727875e-01
7.374000000000000554e-01 -2.703130184711934336e-01
7.475000000000000533e-01 -2.664085812983901236e-01
7.576000000000000512e-01 -2.621044930978752019e-01
7.677000000000000490e-01 -2.557815195806308339e-01
7.778000000000000469e-01 -2.480856273557251468e-01
7.879000000000000448e-01 -2.423183862295140711e-01
7.980000000000000426e-01 -2.403724657415018395e-01
8.081000000000000405e-01 -2.388716164227971395e-01
8.182000000000000384e-01 -2.321425579117349092e-01
8.283000000000000362e-01 -2.204065931073195816e-01
8.384000000000000341e-01 -2.117409900130282907e-01
8.485000000000000320e-01 -2.113327954225397431e-01
8.586000000000000298e-01 -2.111201155995132694e-01
8.687000000000000277e-01 -1.993224465604026829e-01
8.788000000000000256e-01 -1.813920125169373176e-01
8.889000000000000234e-01 -1.755688317983658542e-01
8.990000000000000213e-01 -1.791176691163515744e-01
9.091000000000000192e-01 -1.669342980086495620e-01
9.192000000000000171e-01 -1.457486860014200469e-01
9.293000000000000149e-01 -1.522748325465033692e-01
9.394000000000000128e-01 -1.573081243549884489e-01
9.495000000000000107e-01 -1.175171829909854859e-01
9.596000000000000085e-01 -1.182607909061523382e-01
9.697000000000000064e-01 -9.623633604280637521e-02
9.798000000000000043e-01 -8.650595263396818058e-02
9.899000000000000021e-01 -1.913986834195035430e-03
