1.009999999999999960e-02 -5.050829868094922404e+00
2.019999999999999921e-02 -3.675443547221847851e+00
3.030000000000000054e-02 -3.033374432361600981e+00
4.039999999999999841e-02 -2.672762922272578390e+00
5.050000000000000322e-02 -2.380703509046298016e+00
6.060000000000000109e-02 -2.216679188870442019e+00
7.069999999999999896e-02 -2.061344328176350604e+00
8.079999999999999682e-02 -1.934132287719532384e+00
9.089999999999999469e-02 -1.853630010051383614e+00
1.010000000000000064e-01 -1.777745679657596112e+00
1.111000000000000043e-01 -1.697950613461369995e+00
1.212000000000000022e-01 -1.637009045225575665e+00
1.313000000000000000e-01 -1.594076875207198984e+00
1.413999999999999979e-01 -1.549528449104994765e+00
1.514999999999999958e-01 -1.499167908475337319e+00
1.615999999999999936e-01 -1.455263681550231336e+00
1.716999999999999915e-01 -1.423814277060631905e+00
1.817999999999999894e-01 -1.397123280153581115e+00
1.918999999999999873e-01 -1.366745926779582065e+00
2.020000000000000129e-01 -1.333930921003131820e+00
2.121000000000000107e-01 -1.305273291367421873e+00
2.222000000000000086e-01 -1.283150595080436940e+00
2.323000000000000065e-01 -1.263747599260395482e+00
2.424000000000000044e-01 -1.242788101361741004e+00
2.525000000000000022e-01 -1.220207659530416766e+00
2.626000000000000001e-01 -1.198688669934572459e+00
2.726999999999999980e-01 -1.179355752295419446e+00
2.827999999999999958e-01 -1.160410006889297962e+00
2.928999999999999937e-01 -1.139858253578885705e+00
3.029999999999999916e-01 -1.118495206232315464e+00
3.130999999999999894e-01 -1.099447957388793862e+00
3.231999999999999873e-01 -1.084812242587479325e+00
3.332999999999999852e-01 -1.073098877475123336e+00
3.433999999999999830e-01 -1.060197751533374699e+00
3.534999999999999809e-01 -1.042887798456091364e+00
3.635999999999999788e-01 -1.021500400267200348e+00
3.736999999999999766e-01 -9.993643550047373036e-01
3.837999999999999745e-01 -9.797849954712835041e-01
3.938999999999999724e-01 -9.634322679221254404e-01
4.040000000000000258e-01 -9.483331861141225394e-01
4.141000000000000236e-01 -9.321236717561491858e-01
4.242000000000000215e-01 -9.142867843113146042e-01
4.343000000000000194e-01 -8.964109143571594718e-01
4.444000000000000172e-01 -8.804998277101889759e-01
4.545000000000000151e-01 -8.670938281182151153e-01
4.646000000000000130e-01 -8.549228246965181466e-01
4.747000000000000108e-01 -8.422377095198015917e-01
4.848000000000000087e-01 -8.284241410857106080e-01
4.949000000000000066e-01 -8.143798479862807138e-01
5.050999999999999934e-01 -8.013009571921013707e-01
5.151999999999999913e-01 -7.897817869416537961e-01
5.252999999999999892e-01 -7.787334305024230519e-01
5.353999999999999870e-01 -7.669578645251754478e-01
5.454999999999999849e-01 -7.542964007586929753e-01
5.555999999999999828e-01 -7.418238565502196513e-01
5.656999999999999806e-01 -7.307022558749226571e-01
5.757999999999999785e-01 -7.208191864604046595e-01
5.858999999999999764e-01 -7.106467124214299602e-01
5.959999999999999742e-01 -6.986266920761332599e-01
6.060999999999999721e-01 -6.848402997305178541e-01
6.161999999999999700e-01 -6.712709511509034055e-01
6.262999999999999678e-01 -6.601825134712635545e-01
6.363999999999999657e-01 -6.519716311367148576e-01
6.464999999999999636e-01 -6.445430420046155406e-01
6.565999999999999615e-01 -6.349793048764995618e-01
6.666999999999999593e-01 -6.220951858322222305e-01
6.767999999999999572e-01 -6.074830664210948417e-01
6.868999999999999551e-01 -5.939912560002698072e-01
6.969999999999999529e-01 -5.830871381160132039e-01
7.070999999999999508e-01 -5.737299785463312318e-01
7.171999999999999487e-01 -5.638391408375749148e-01
7.272999999999999465e-01 -5.526333900380107078e-01
7.374000000000000554e-01 -5.411116777326134830e-01
7.475000000000000533e-01 -5.301484637517515086e-01
7.576000000000000512e-01 -5.187874539809049779e-01
7.677000000000000490e-01 -5.054016180417008064e-01
7.778000000000000469e-01 -4.906286432323096469e-01
7.879000000000000448e-01 -4.777612326450026980e-01
7.980000000000000426e-01 -4.686824765513284974e-01
8.081000000000000405e-01 -4.600056814886672729e-01
8.182000000000000384e-01 -4.460460710338612911e-01
8.283000000000000362e-01 -4.270121663056815620e-01
8.384000000000000341e-01 -4.109668723703754356e-01
8.485000000000000320e-01 -4.030809128020972909e-01
8.586000000000000298e-01 -3.952736159389906856e-01
8.687000000000000277e-01 -3.757425887820826649e-01
8.788000000000000256e-01 -3.499141664546523978e-01
8.889000000000000234e-01 -3.359972464848757223e-01
8.990000000000000213e-01 -3.312184895280743668e-01
9.091000000000000192e-01 -3.104260136757884259e-01
9.192000000000000171e-01 -2.802886750850603348e-01
9.293000000000000149e-01 -2.774397029087024014e-01
9.394000000000000128e-01 -2.725636483999598347e-01
9.495000000000000107e-01 -2.221695173488457409e-01
9.596000000000000085e-01 -2.113707805768229586e-01
9.697000000000000064e-01 -1.764509193881016735e-01
9.798000000000000043e-01 -1.516624429391953133e-01
9.899000000000000021e-01 -4.775093983684850635e-02
