1.009999999999999960e-02 -2.631804746683752860e+00
2.019999999999999921e-02 -1.973683058236965326e+00
3.030000000000000054e-02 -1.651072908397317685e+00
4.039999999999999841e-02 -1.481905301145713283e+00
5.050000000000000322e-02 -1.321188291514661328e+00
6.060000000000000109e-02 -1.254636443230783938e+00
7.069999999999999896e-02 -1.175466841294465548e+00
8.079999999999999682e-02 -1.109985195412054537e+00
9.089999999999999469e-02 -1.080897310558303293e+00
1.010000000000000064e-01 -1.048750658445888551e+00
1.111000000000000043e-01 -1.006796611727749369e+00
1.212000000000000022e-01 -9.790496125248591142e-01
1.313000000000000000e-01 -9.655730127455346423e-01
1.413999999999999979e-01 -9.474180325342584919e-01
1.514999999999999958e-01 -9.209054341539962829e-01
1.615999999999999936e-01 -8.987057710500401253e-01
1.716999999999999915e-01 -8.871359141013456240e-01
1.817999999999999894e-01 -8.787552590586883428e-01
1.918999999999999873e-01 -8.653272929325829255e-01
2.020000000000000129e-01 -8.482722308341702488e-01
2.121000000000000107e-01 -8.343278262982077864e-01
2.222000000000000086e-01 -8.259915200123576495e-01
2.323000000000000065e-01 -8.195496300826264902e-01
2.424000000000000044e-01 -8.108126386317068279e-01
2.525000000000000022e-01 -7.997906191839702084e-01
2.626000000000000001e-01 -7.892304358916878426e-01
2.726999999999999980e-01 -7.803128154621868928e-01
2.827999999999999958e-01 -7.712879569712874916e-01
2.928999999999999937e-01 -7.602058654644476832e-01
3.029999999999999916e-01 -7.478994190665375630e-01
3.130999999999999894e-01 -7.375295870846209079e-01
3.231999999999999873e-01 -7.312223010859265626e-01
3.332999999999999852e-01 -7.275153971812833298e-01
3.433999999999999830e-01 -7.223230328945988710e-01
3.534999999999999809e-01 -7.124460139761661370e-01
3.635999999999999788e-01 -6.982355003664858506e-01
3.736999999999999766e-01 -6.830382307833027244e-01
3.837999999999999745e-01 -6.701758611657887554e-01
3.938999999999999724e-01 -6.603332320868393612e-01
4.040000000000000258e-01 -6.515509856215421225e-01
4.141000000000000236e-01 -6.414775468479383402e-01
4.242000000000000215e-01 -6.296074763250617545e-01
4.343000000000000194e-01 -6.175397705559764194e-01
4.444000000000000172e-01 -6.072879999657566641e-01
4.545000000000000151e-01 -5.994015541344172027e-01
4.646000000000000130e-01 -5.926187820823610730e-01
4.747000000000000108e-01 -5.851984343843533720e-01
4.848000000000000087e-01 -5.765335039804063699e-01
4.949000000000000066e-01 -5.675285809983008356e-01
5.050999999999999934e-01 -5.594346098700836434e-01
5.151999999999999913e-01 -5.527542619636812704e-01
5.252999999999999892e-01 -5.464536971942234311e-01
5.353999999999999870e-01 -5.393402735678773929e-01
5.454999999999999849e-01 -5.312603997951069745e-01
5.555999999999999828e-01 -5.232937337107206321e-01
5.656999999999999806e-01 -5.166069089545518578e-01
5.757999999999999785e-01 -5.110919157973820015e-01
5.858999999999999764e-01 -5.052250358136638475e-01
5.959999999999999742e-01 -4.974521803328407765e-01
6.060999999999999721e-01 -4.878584316963335277e-01
6.161999999999999700e-01 -4.784309872650731044e-01
6.262999999999999678e-01 -4.714373871395530768e-01
6.363999999999999657e-01 -4.672778574033710219e-01
6.464999999999999636e-01 -4.638606432209290698e-01
6.565999999999999615e-01 -4.582717532765058221e-01
6.666999999999999593e-01 -4.493293631504510777e-01
6.767999999999999572e-01 -4.386292409286272620e-01
6.868999999999999551e-01 -4.290230776013227443e-01
6.969999999999999529e-01 -4.219816524471025621e-01
7.070999999999999508e-01 -4.164676613652834591e-01
7.171999999999999487e-01 -4.104039543947226032e-01
7.272999999999999465e-01 -4.030128636054212121e-01
7.374000000000000554e-01 -3.952970150533873794e-01
7.475000000000000533e-01 -3.881346808922491176e-01
7.576000000000000512e-01 -3.805735519669659062e-01
7.677000000000000490e-01 -3.709907957934322487e-01
7.778000000000000469e-01 -3.600285577603025144e-01
7.879000000000000448e-01 -3.509843153443551467e-01
7.980000000000000426e-01 -3.457463168844987500e-01
8.081000000000000405e-01 -3.409334926070449745e-01
8.182000000000000384e-01 -3.308672562757932756e-01
8.283000000000000362e-01 -3.157630115065635512e-01
8.384000000000000341e-01 -3.036913972548808127e-01
8.485000000000000320e-01 -2.998319265207970985e-01
8.586000000000000298e-01 -2.961140388331182649e-01
8.687000000000000277e-01 -2.807471275857936210e-01
8.788000000000000256e-01 -2.591714681804981324e-01
8.889000000000000234e-01 -2.496127154998319109e-01
8.990000000000000213e-01 -2.493180477679158846e-01
9.091000000000000192e-01 -2.331612437011751915e-01
9.192000000000000171e-01 -2.078440655784848656e-01
9.293000000000000149e-01 -2.100432342521336704e-01
9.394000000000000128e-01 -2.105029816065137338e-01
9.495000000000000107e-01 -1.658182603869210181e-01
9.596000000000000085e-01 -1.612346322926157538e-01
9.697000000000000064e-01 -1.332584514329427094e-01
9.798000000000000043e-01 -1.165781789286883391e-01
9.899000000000000021e-01 -2.306950360465046673e-02
