1.009999999999999960e-02 -5.396404885439375576e+00
2.019999999999999921e-02 -3.918552188505401990e+00
3.030000000000000054e-02 -3.230846078642213293e+00
4.039999999999999841e-02 -2.842885439576416484e+00
5.050000000000000322e-02 -2.532062825836532305e+00
6.060000000000000109e-02 -2.354113866818964951e+00
7.069999999999999896e-02 -2.187898254873762660e+00
8.079999999999999682e-02 -2.051867586620601536e+00
9.089999999999999469e-02 -1.964020395693252485e+00
1.010000000000000064e-01 -1.881887825544982684e+00
1.111000000000000043e-01 -1.796686899423315831e+00
1.212000000000000022e-01 -1.731003249897106855e+00
1.313000000000000000e-01 -1.683863141273151065e+00
1.413999999999999979e-01 -1.635544222900814360e+00
1.514999999999999958e-01 -1.581776833378386149e+00
1.615999999999999936e-01 -1.534771954478830081e+00
1.716999999999999915e-01 -1.500482614626244438e+00
1.817999999999999894e-01 -1.471175854595708543e+00
1.918999999999999873e-01 -1.438377160186296244e+00
2.020000000000000129e-01 -1.403310733884412187e+00
2.121000000000000107e-01 -1.372551214948738441e+00
2.222000000000000086e-01 -1.348459034375876664e+00
2.323000000000000065e-01 -1.327204452000076529e+00
2.424000000000000044e-01 -1.304498881751745776e+00
2.525000000000000022e-01 -1.280267236722766322e+00
2.626000000000000001e-01 -1.257182703369270182e+00
2.726999999999999980e-01 -1.236361886128738430e+00
2.827999999999999958e-01 -1.215998871163299411e+00
2.928999999999999937e-01 -1.194094309023805645e+00
3.029999999999999916e-01 -1.171437461541712466e+00
3.130999999999999894e-01 -1.151150581717961474e+00
3.231999999999999873e-01 -1.135325091373415418e+00
3.332999999999999852e-01 -1.122467946088528956e+00
3.433999999999999830e-01 -1.108465568481771246e+00
3.534999999999999809e-01 -1.090093767667509539e+00
3.635999999999999788e-01 -1.067681100253016879e+00
3.736999999999999766e-01 -1.044553801322085196e+00
3.837999999999999745e-01 -1.024014871800640103e+00
3.938999999999999724e-01 -1.006732130184308627e+00
4.040000000000000258e-01 -9.907306433273486146e-01
4.141000000000000236e-01 -9.736445467430363543e-01
4.242000000000000215e-01 -9.549552568807793129e-01
4.343000000000000194e-01 -9.362496491858998127e-01
4.444000000000000172e-01 -9.195300888165365283e-01
4.545000000000000151e-01 -9.053355815444720234e-01
4.646000000000000130e-01 -8.923948307842548555e-01
4.747000000000000108e-01 -8.789576059677227660e-01
4.848000000000000087e-01 -8.644085178150396898e-01
4.949000000000000066e-01 -8.496443146988492678e-01
5.050999999999999934e-01 -8.358532925238183475e-01
5.151999999999999913e-01 -8.236428619385068872e-01
5.252999999999999892e-01 -8.119162495464515850e-01
5.353999999999999870e-01 -7.994746632333609160e-01
5.454999999999999849e-01 -7.861586866106338167e-01
5.555999999999999828e-01 -7.730424455272910667e-01
5.656999999999999806e-01 -7.612873054349756918e-01
5.757999999999999785e-01 -7.507802251265508486e-01
5.858999999999999764e-01 -7.399926662225394525e-01
5.959999999999999742e-01 -7.273659080394609955e-01
6.060999999999999721e-01 -7.129805665925442737e-01
6.161999999999999700e-01 -6.988195174203080118e-01
6.262999999999999678e-01 -6.871461029472221149e-01
6.363999999999999657e-01 -6.783564559557638818e-01
6.464999999999999636e-01 -6.703548132594280284e-01
6.565999999999999615e-01 -6.602232408193557944e-01
6.666999999999999593e-01 -6.467760176439038000e-01
6.767999999999999572e-01 -6.316050414914473610e-01
6.868999999999999551e-01 -6.175581386286908003e-01
6.969999999999999529e-01 -6.061022074972861606e-01
7.070999999999999508e-01 -5.961960238579094851e-01
7.171999999999999487e-01 -5.857584531865538402e-01
7.272999999999999465e-01 -5.740077509569521119e-01
7.374000000000000554e-01 -5.619423438296458073e-01
7.475000000000000533e-01 -5.504361470173947390e-01
7.576000000000000512e-01 -5.385322971257533453e-01
7.677000000000000490e-01 -5.246031640771677829e-01
7.778000000000000469e-01 -5.092857982997391897e-01
7.879000000000000448e-01 -4.958722208308092294e-01
7.980000000000000426e-01 -4.862447850751613898e-01
8.081000000000000405e-01 -4.770159941860420139e-01
8.182000000000000384e-01 -4.625001874278711345e-01
8.283000000000000362e-01 -4.429049027055556587e-01
8.384000000000000341e-01 -4.262919402440176198e-01
8.485000000000000320e-01 -4.178307679851401280e-01
8.586000000000000298e-01 -4.094392698112582218e-01
8.687000000000000277e-01 -3.893133689529811869e-01
8.788000000000000256e-01 -3.628774090652459594e-01
8.889000000000000234e-01 -3.483378937684534771e-01
8.990000000000000213e-01 -3.429185526366684278e-01
9.091000000000000192e-01 -3.214638379578759753e-01
9.192000000000000171e-01 -2.906379050145710963e-01
9.293000000000000149e-01 -2.870677698596408312e-01
9.394000000000000128e-01 -2.814294579418808451e-01
9.495000000000000107e-01 -2.302196969148349315e-01
9.596000000000000085e-01 -2.185330874745669005e-01
9.697000000000000064e-01 -1.826212719531243589e-01
9.798000000000000043e-01 -1.566744806549819902e-01
9.899000000000000021e-01 -5.127685929859109731e-02
