1.009999999999999960e-02 -4.014104816061564662e+00
2.019999999999999921e-02 -2.946117623371184102e+00
3.030000000000000054e-02 -2.440959493519765378e+00
4.039999999999999841e-02 -2.162395370361064995e+00
5.050000000000000322e-02 -1.926625558675596706e+00
6.060000000000000109e-02 -1.804375155024874333e+00
7.069999999999999896e-02 -1.681682548084114437e+00
8.079999999999999682e-02 -1.580926391016327592e+00
9.089999999999999469e-02 -1.522458853125777889e+00
1.010000000000000064e-01 -1.465319241995435950e+00
1.111000000000000043e-01 -1.401741755575532267e+00
1.212000000000000022e-01 -1.355026431210982762e+00
1.313000000000000000e-01 -1.324718077009342965e+00
1.413999999999999979e-01 -1.291481127717536648e+00
1.514999999999999958e-01 -1.251341133766190827e+00
1.615999999999999936e-01 -1.216738862764435547e+00
1.716999999999999915e-01 -1.193809264363795197e+00
1.817999999999999894e-01 -1.174965556827198832e+00
1.918999999999999873e-01 -1.151852226559439751e+00
2.020000000000000129e-01 -1.125791482359291162e+00
2.121000000000000107e-01 -1.103439520623473058e+00
2.222000000000000086e-01 -1.087225277194117323e+00
2.323000000000000065e-01 -1.073377041041351454e+00
2.424000000000000044e-01 -1.057655760191726468e+00
2.525000000000000022e-01 -1.040028927953367877e+00
2.626000000000000001e-01 -1.023206569630478846e+00
2.726999999999999980e-01 -1.008337350795462939e+00
2.827999999999999958e-01 -9.936434140672940618e-01
2.928999999999999937e-01 -9.771500872441264418e-01
3.029999999999999916e-01 -9.596684403041249034e-01
3.130999999999999894e-01 -9.443400844012911355e-01
3.231999999999999873e-01 -9.332736962296709349e-01
3.332999999999999852e-01 -9.249916716349062540e-01
3.433999999999999830e-01 -9.153943006881853917e-01
3.534999999999999809e-01 -9.012698908218375049e-01
3.635999999999999788e-01 -8.829583003097517535e-01
3.736999999999999766e-01 -8.637960160526937381e-01
3.837999999999999745e-01 -8.470953664832142627e-01
3.938999999999999724e-01 -8.335326811355742160e-01
4.040000000000000258e-01 -8.211408144744450910e-01
4.141000000000000236e-01 -8.075610467954872362e-01
4.242000000000000215e-01 -7.922813666029205892e-01
4.343000000000000194e-01 -7.768947098709382271e-01
4.444000000000000172e-01 -7.634090443911466517e-01
4.545000000000000151e-01 -7.523685678394446130e-01
4.646000000000000130e-01 -7.425068064333079088e-01
4.747000000000000108e-01 -7.320780201760380690e-01
4.848000000000000087e-01 -7.204710108977230298e-01
4.949000000000000066e-01 -7.085864478485750517e-01
5.050999999999999934e-01 -6.976439511969508844e-01
5.151999999999999913e-01 -6.881985619510940788e-01
5.252999999999999892e-01 -6.791849733703375636e-01
5.353999999999999870e-01 -6.694074684006191545e-01
5.454999999999999849e-01 -6.587095432028704511e-01
5.555999999999999828e-01 -6.481680896190057384e-01
5.656999999999999806e-01 -6.389471071947637748e-01
5.757999999999999785e-01 -6.309360704619663140e-01
5.858999999999999764e-01 -6.226088510181017055e-01
5.959999999999999742e-01 -6.124090441861507195e-01
6.060999999999999721e-01 -6.004194991444388174e-01
6.161999999999999700e-01 -5.886252523426904748e-01
6.262999999999999678e-01 -5.792917450433877624e-01
6.363999999999999657e-01 -5.728171566795673408e-01
6.464999999999999636e-01 -5.671077282401782993e-01
6.565999999999999615e-01 -5.592474970479308638e-01
6.666999999999999593e-01 -5.480526903971774111e-01
6.767999999999999572e-01 -5.351171412100375058e-01
6.868999999999999551e-01 -5.232906081150070499e-01
6.969999999999999529e-01 -5.140419299721945556e-01
7.070999999999999508e-01 -5.063318426115965831e-01
7.171999999999999487e-01 -4.980812037906383605e-01
7.272999999999999465e-01 -4.885103072811866620e-01
7.374000000000000554e-01 -4.786196794415166766e-01
7.475000000000000533e-01 -4.692854139548218173e-01
7.576000000000000512e-01 -4.595529245463595980e-01
7.677000000000000490e-01 -4.477969799352999325e-01
7.778000000000000469e-01 -4.346571780300209076e-01
7.879000000000000448e-01 -4.234282680875823823e-01
7.980000000000000426e-01 -4.159955509798300977e-01
8.081000000000000405e-01 -4.089747433965433832e-01
8.182000000000000384e-01 -3.966837218518320940e-01
8.283000000000000362e-01 -3.793339571060596049e-01
8.384000000000000341e-01 -3.649916687494491052e-01
8.485000000000000320e-01 -3.588313472529685577e-01
8.586000000000000298e-01 -3.527766543221881879e-01
8.687000000000000277e-01 -3.350302482693873207e-01
8.788000000000000256e-01 -3.110244386228720459e-01
8.889000000000000234e-01 -2.989753046341426801e-01
8.990000000000000213e-01 -2.961183002022921840e-01
9.091000000000000192e-01 -2.773125408295255556e-01
9.192000000000000171e-01 -2.492409852965279116e-01
9.293000000000000149e-01 -2.485555020558871953e-01
9.394000000000000128e-01 -2.459662197741972200e-01
9.495000000000000107e-01 -1.980189786508780025e-01
9.596000000000000085e-01 -1.898838598835913549e-01
9.697000000000000064e-01 -1.579398616930335619e-01
9.798000000000000043e-01 -1.366263297918352271e-01
9.899000000000000021e-01 -3.717318145162077508e-02
