1.009999999999999960e-02 -1.940654711994846959e+00
2.019999999999999921e-02 -1.487465775669855050e+00
3.030000000000000054e-02 -1.256129615836093949e+00
4.039999999999999841e-02 -1.141660266538037538e+00
5.050000000000000322e-02 -1.018469657934193640e+00
6.060000000000000109e-02 -9.797670873337385178e-01
7.069999999999999896e-02 -9.223589878996408808e-01
8.079999999999999682e-02 -8.745145976099175655e-01
9.089999999999999469e-02 -8.601165392745658833e-01
1.010000000000000064e-01 -8.404663666711149617e-01
1.111000000000000043e-01 -8.093240398038581418e-01
1.212000000000000022e-01 -7.910612031817971790e-01
1.313000000000000000e-01 -7.860004806136305922e-01
1.413999999999999979e-01 -7.753864849426196360e-01
1.514999999999999958e-01 -7.556875843478986221e-01
1.615999999999999936e-01 -7.396892251928426365e-01
1.716999999999999915e-01 -7.337992389701207818e-01
1.817999999999999894e-01 -7.306501101744334870e-01
1.918999999999999873e-01 -7.220648261191547901e-01
2.020000000000000129e-01 -7.095126050716099586e-01
2.121000000000000107e-01 -6.997719791355750951e-01
2.222000000000000086e-01 -6.953746414214777571e-01
2.323000000000000065e-01 -6.926359246032639527e-01
2.424000000000000044e-01 -6.873910778516970632e-01
2.525000000000000022e-01 -6.796714647992710967e-01
2.626000000000000001e-01 -6.722423690222922854e-01
2.726999999999999980e-01 -6.663005477955491473e-01
2.827999999999999958e-01 -6.601102284232843731e-01
2.928999999999999937e-01 -6.517337545746082483e-01
3.029999999999999916e-01 -6.420149084477437817e-01
3.130999999999999894e-01 -6.341243384262857941e-01
3.231999999999999873e-01 -6.301966035140543765e-01
3.332999999999999852e-01 -6.287772599544720897e-01
3.433999999999999830e-01 -6.257873989978055551e-01
3.534999999999999809e-01 -6.180340755533304531e-01
3.635999999999999788e-01 -6.058741003948527881e-01
3.736999999999999766e-01 -5.926593381486070511e-01
3.837999999999999745e-01 -5.817161085070760018e-01
3.938999999999999724e-01 -5.737335075624718783e-01
4.040000000000000258e-01 -5.667560711950906382e-01
4.141000000000000236e-01 -5.584357968741637812e-01
4.242000000000000215e-01 -5.482705311861323372e-01
4.343000000000000194e-01 -5.378623008984957377e-01
4.444000000000000172e-01 -5.292274777530617813e-01
4.545000000000000151e-01 -5.229180472819032754e-01
4.646000000000000130e-01 -5.176747699068876551e-01
4.747000000000000108e-01 -5.117586414885111346e-01
4.848000000000000087e-01 -5.045647505217478734e-01
4.949000000000000066e-01 -4.969996475731636720e-01
5.050999999999999934e-01 -4.903299392066500229e-01
5.151999999999999913e-01 -4.850321119699748107e-01
5.252999999999999892e-01 -4.800880591061665870e-01
5.353999999999999870e-01 -4.743066761515068452e-01
5.454999999999999849e-01 -4.675358280912254028e-01
5.555999999999999828e-01 -4.608565557565779680e-01
5.656999999999999806e-01 -4.554368098344461213e-01
5.757999999999999785e-01 -4.511698384650895122e-01
5.858999999999999764e-01 -4.465331282114447520e-01
5.959999999999999742e-01 -4.399737484061856385e-01
6.060999999999999721e-01 -4.315778979722807440e-01
6.161999999999999700e-01 -4.233338547262643359e-01
6.262999999999999678e-01 -4.175102081876356785e-01
6.363999999999999657e-01 -4.145082077652728070e-01
6.464999999999999636e-01 -4.122371007113040942e-01
6.565999999999999615e-01 -4.077838813907933568e-01
6.666999999999999593e-01 -3.999676995270878832e-01
6.767999999999999572e-01 -3.903852907879223344e-01
6.868999999999999551e-01 -3.818893123444807580e-01
6.969999999999999529e-01 -3.759515136845566485e-01
7.070999999999999508e-01 -3.715355707421269527e-01
7.171999999999999487e-01 -3.665653296967648633e-01
7.272999999999999465e-01 -3.602641417675384039e-01
7.374000000000000554e-01 -3.536356828593227308e-01
7.475000000000000533e-01 -3.475593143609627678e-01
7.576000000000000512e-01 -3.410838656772690602e-01
7.677000000000000490e-01 -3.325877037224984067e-01
7.778000000000000469e-01 -3.227142476254433179e-01
7.879000000000000448e-01 -3.147623389727414178e-01
7.980000000000000426e-01 -3.106216998368330762e-01
8.081000000000000405e-01 -3.069128672122957147e-01
8.182000000000000384e-01 -2.979590234877738109e-01
8.283000000000000362e-01 -2.839775387068155799e-01
8.384000000000000341e-01 -2.730412615075965554e-01
8.485000000000000320e-01 -2.703322161547113134e-01
8.586000000000000298e-01 -2.677827310885833034e-01
8.687000000000000277e-01 -2.536055672439965214e-01
8.788000000000000256e-01 -2.332449829593111756e-01
8.889000000000000234e-01 -2.249314209326765124e-01
8.990000000000000213e-01 -2.259179215507277627e-01
9.091000000000000192e-01 -2.110855951369999817e-01
9.192000000000000171e-01 -1.871456057194632039e-01
9.293000000000000149e-01 -1.907871003502569218e-01
9.394000000000000128e-01 -1.927713625226719907e-01
9.495000000000000107e-01 -1.497179012549424704e-01
9.596000000000000085e-01 -1.469100184971279810e-01
9.697000000000000064e-01 -1.209177463028972832e-01
9.798000000000000043e-01 -1.065541034971149437e-01
9.899000000000000021e-01 -1.601766468116534378e-02
