1.009999999999999960e-02 -1.249504677305941058e+00
2.019999999999999921e-02 -1.001248493102745885e+00
3.030000000000000054e-02 -8.611863232748692143e-01
4.039999999999999841e-02 -8.014152319303619043e-01
5.050000000000000322e-02 -7.157510243537268391e-01
6.060000000000000109e-02 -7.048977314366930980e-01
7.069999999999999896e-02 -6.692511345048163252e-01
8.079999999999999682e-02 -6.390439998077810380e-01
9.089999999999999469e-02 -6.393357679908288072e-01
1.010000000000000064e-01 -6.321820748963413727e-01
1.111000000000000043e-01 -6.118514678799664708e-01
1.212000000000000022e-01 -6.030727938387352438e-01
1.313000000000000000e-01 -6.064279484817266530e-01
1.413999999999999979e-01 -6.033549373509807801e-01
1.514999999999999958e-01 -5.904697345418011833e-01
1.615999999999999936e-01 -5.806726793356455918e-01
1.716999999999999915e-01 -5.804625638388961617e-01
1.817999999999999894e-01 -5.825449612901787422e-01
1.918999999999999873e-01 -5.788023593057265437e-01
2.020000000000000129e-01 -5.707529793090494463e-01
2.121000000000000107e-01 -5.652161319729424038e-01
2.222000000000000086e-01 -5.647577628305980868e-01
2.323000000000000065e-01 -5.657222191239014153e-01
2.424000000000000044e-01 -5.639695170716872985e-01
2.525000000000000022e-01 -5.595523104145719850e-01
2.626000000000000001e-01 -5.552543021528967282e-01
2.726999999999999980e-01 -5.522882801289111798e-01
2.827999999999999958e-01 -5.489324998752812546e-01
2.928999999999999937e-01 -5.432616436847688135e-01
3.029999999999999916e-01 -5.361303978289502226e-01
3.130999999999999894e-01 -5.307190897679505692e-01
3.231999999999999873e-01 -5.291709059421821904e-01
3.332999999999999852e-01 -5.300391227276605166e-01
3.433999999999999830e-01 -5.292517651010123503e-01
3.534999999999999809e-01 -5.236221371304947692e-01
3.635999999999999788e-01 -5.135127004232198367e-01
3.736999999999999766e-01 -5.022804455139115998e-01
3.837999999999999745e-01 -4.932563558483637478e-01
3.938999999999999724e-01 -4.871337830381038958e-01
4.040000000000000258e-01 -4.819611567686390430e-01
4.141000000000000236e-01 -4.753940469003889446e-01
4.242000000000000215e-01 -4.669335860472029753e-01
4.343000000000000194e-01 -4.581848312410147783e-01
4.444000000000000172e-01 -4.511669555403668985e-01
4.545000000000000151e-01 -4.464345404293896258e-01
4.646000000000000130e-01 -4.427307577314138487e-01
4.747000000000000108e-01 -4.383188485926688971e-01
4.848000000000000087e-01 -4.325959970630898210e-01
4.949000000000000066e-01 -4.264707141480265085e-01
5.050999999999999934e-01 -4.212252685432164578e-01
5.151999999999999913e-01 -4.173099619762682955e-01
5.252999999999999892e-01 -4.137224210181096318e-01
5.353999999999999870e-01 -4.092730787351360755e-01
5.454999999999999849e-01 -4.038112563873437200e-01
5.555999999999999828e-01 -3.984193778024353594e-01
5.656999999999999806e-01 -3.942667107143401628e-01
5.757999999999999785e-01 -3.912477611327972449e-01
5.858999999999999764e-01 -3.878412206092258785e-01
5.959999999999999742e-01 -3.824953164795306115e-01
6.060999999999999721e-01 -3.752973642482280159e-01
6.161999999999999700e-01 -3.682367221874555674e-01
6.262999999999999678e-01 -3.635830292357185578e-01
6.363999999999999657e-01 -3.617385581271745365e-01
6.464999999999999636e-01 -3.606135582016793406e-01
6.565999999999999615e-01 -3.572960095050808915e-01
6.666999999999999593e-01 -3.506060359037247443e-01
6.767999999999999572e-01 -3.421413406472174068e-01
6.868999999999999551e-01 -3.347555470876388828e-01
6.969999999999999529e-01 -3.299213749220107350e-01
7.070999999999999508e-01 -3.266034801189705572e-01
7.171999999999999487e-01 -3.227267049988071235e-01
7.272999999999999465e-01 -3.175154199296555957e-01
7.374000000000000554e-01 -3.119743506652580822e-01
7.475000000000000533e-01 -3.069839478296765289e-01
7.576000000000000512e-01 -3.015941793875722143e-01
7.677000000000000490e-01 -2.941846116515645648e-01
7.778000000000000469e-01 -2.853999374905841213e-01
7.879000000000000448e-01 -2.785403626011278000e-01
7.980000000000000426e-01 -2.754970827891675134e-01
8.081000000000000405e-01 -2.728922418175464548e-01
8.182000000000000384e-01 -2.650507906997544016e-01
8.283000000000000362e-01 -2.521920659070675530e-01
8.384000000000000341e-01 -2.423911257603125202e-01
8.485000000000000320e-01 -2.408325057886254728e-01
8.586000000000000298e-01 -2.394514233440482864e-01
8.687000000000000277e-01 -2.264640069021995605e-01
8.788000000000000256e-01 -2.073184977381242189e-01
8.889000000000000234e-01 -2.002501263655211139e-01
8.990000000000000213e-01 -2.025177953335396963e-01
9.091000000000000192e-01 -1.890099465728247718e-01
9.192000000000000171e-01 -1.664471458604416254e-01
9.293000000000000149e-01 -1.715309664483801178e-01
9.394000000000000128e-01 -1.750397434388301365e-01
9.495000000000000107e-01 -1.336175421229639781e-01
9.596000000000000085e-01 -1.325854047016400972e-01
9.697000000000000064e-01 -1.085770411728518015e-01
9.798000000000000043e-01 -9.653002806554153437e-02
9.899000000000000021e-01 -8.965825757680189606e-03
