1.009999999999999960e-02 -3.322954781372658317e+00
2.019999999999999921e-02 -2.459900340804074936e+00
3.030000000000000054e-02 -2.046016200958541642e+00
4.039999999999999841e-02 -1.822150335753389028e+00
5.050000000000000322e-02 -1.623906925095129017e+00
6.060000000000000109e-02 -1.529505799127829357e+00
7.069999999999999896e-02 -1.428574694689290103e+00
8.079999999999999682e-02 -1.345455793214191065e+00
9.089999999999999469e-02 -1.301678081842040591e+00
1.010000000000000064e-01 -1.257034950220662362e+00
1.111000000000000043e-01 -1.204269183651640596e+00
1.212000000000000022e-01 -1.167038021867921049e+00
1.313000000000000000e-01 -1.145145544877439026e+00
1.413999999999999979e-01 -1.119449580125897681e+00
1.514999999999999958e-01 -1.086123283960093167e+00
1.615999999999999936e-01 -1.057722316907238280e+00
1.716999999999999915e-01 -1.040472589232570133e+00
1.817999999999999894e-01 -1.026860407942943754e+00
1.918999999999999873e-01 -1.008589759746011394e+00
2.020000000000000129e-01 -9.870318565967307611e-01
2.121000000000000107e-01 -9.688836734608406998e-01
2.222000000000000086e-01 -9.566083986032373199e-01
2.323000000000000065e-01 -9.464633355619890276e-01
2.424000000000000044e-01 -9.342341994117163706e-01
2.525000000000000022e-01 -9.199097735686693200e-01
2.626000000000000001e-01 -9.062185027610833998e-01
2.726999999999999980e-01 -8.943250831288248603e-01
2.827999999999999958e-01 -8.824656855192906102e-01
2.928999999999999937e-01 -8.686779763542868960e-01
3.029999999999999916e-01 -8.537839296853313442e-01
3.130999999999999894e-01 -8.409348357429561327e-01
3.231999999999999873e-01 -8.322479986577987487e-01
3.332999999999999852e-01 -8.262535344080947919e-01
3.433999999999999830e-01 -8.188586667913920758e-01
3.534999999999999809e-01 -8.068579523990018210e-01
3.635999999999999788e-01 -7.905969003381189131e-01
3.736999999999999766e-01 -7.734171234179981758e-01
3.837999999999999745e-01 -7.586356138245015091e-01
3.938999999999999724e-01 -7.469329566112068441e-01
4.040000000000000258e-01 -7.363459000479936067e-01
4.141000000000000236e-01 -7.245192968217128993e-01
4.242000000000000215e-01 -7.109444214639911719e-01
4.343000000000000194e-01 -6.972172402134573233e-01
4.444000000000000172e-01 -6.853485221784516579e-01
4.545000000000000151e-01 -6.758850609869307968e-01
4.646000000000000130e-01 -6.675627942578344909e-01
4.747000000000000108e-01 -6.586382272801957205e-01
4.848000000000000087e-01 -6.485022574390647554e-01
4.949000000000000066e-01 -6.380575144234379437e-01
5.050999999999999934e-01 -6.285392805335172639e-01
5.151999999999999913e-01 -6.204764119573876746e-01
5.252999999999999892e-01 -6.128193352822804973e-01
5.353999999999999870e-01 -6.043738709842483292e-01
5.454999999999999849e-01 -5.949849714989887683e-01
5.555999999999999828e-01 -5.857309116648631298e-01
5.656999999999999806e-01 -5.777770080746578163e-01
5.757999999999999785e-01 -5.710139931296741578e-01
5.858999999999999764e-01 -5.639169434158828320e-01
5.959999999999999742e-01 -5.549306122594956925e-01
6.060999999999999721e-01 -5.441389654203862003e-01
6.161999999999999700e-01 -5.335281198038814843e-01
6.262999999999999678e-01 -5.253645660914705307e-01
6.363999999999999657e-01 -5.200475070414690704e-01
6.464999999999999636e-01 -5.154841857305535457e-01
6.565999999999999615e-01 -5.087596251622185095e-01
6.666999999999999593e-01 -4.986910267738143276e-01
6.767999999999999572e-01 -4.868731910693321896e-01
6.868999999999999551e-01 -4.761568428581647860e-01
6.969999999999999529e-01 -4.680117912096483646e-01
7.070999999999999508e-01 -4.613997519884399656e-01
7.171999999999999487e-01 -4.542425790926803431e-01
7.272999999999999465e-01 -4.457615854433039093e-01
7.374000000000000554e-01 -4.369583472474520280e-01
7.475000000000000533e-01 -4.287100474235354675e-01
7.576000000000000512e-01 -4.200632382566627521e-01
7.677000000000000490e-01 -4.093938878643660906e-01
7.778000000000000469e-01 -3.973428678951617110e-01
7.879000000000000448e-01 -3.872062917159687645e-01
7.980000000000000426e-01 -3.808709339321644238e-01
8.081000000000000405e-01 -3.749541180017942343e-01
8.182000000000000384e-01 -3.637754890638127403e-01
8.283000000000000362e-01 -3.475484843063116336e-01
8.384000000000000341e-01 -3.343415330021649590e-01
8.485000000000000320e-01 -3.293316368868828836e-01
8.586000000000000298e-01 -3.244453465776532264e-01
8.687000000000000277e-01 -3.078886879275903876e-01
8.788000000000000256e-01 -2.850979534016851447e-01
8.889000000000000234e-01 -2.742940100669873371e-01
8.990000000000000213e-01 -2.727181739851040621e-01
9.091000000000000192e-01 -2.552368922653504013e-01
9.192000000000000171e-01 -2.285425254375064164e-01
9.293000000000000149e-01 -2.292993681540104745e-01
9.394000000000000128e-01 -2.282346006903554769e-01
9.495000000000000107e-01 -1.819186195188995103e-01
9.596000000000000085e-01 -1.755592460881035266e-01
9.697000000000000064e-01 -1.455991565629881357e-01
9.798000000000000043e-01 -1.266022543602617900e-01
9.899000000000000021e-01 -3.012134252813561744e-02
