1.009999999999999960e-02 -3.668529798717111490e+00
2.019999999999999921e-02 -2.703008982087629519e+00
3.030000000000000054e-02 -2.243487847239153510e+00
4.039999999999999841e-02 -1.992272853057226900e+00
5.050000000000000322e-02 -1.775266241885362417e+00
6.060000000000000109e-02 -1.666940477076351845e+00
7.069999999999999896e-02 -1.555128621386702381e+00
8.079999999999999682e-02 -1.463191092115259329e+00
9.089999999999999469e-02 -1.412068467483909018e+00
1.010000000000000064e-01 -1.361177096108048934e+00
1.111000000000000043e-01 -1.303005469613586431e+00
1.212000000000000022e-01 -1.261032226539451795e+00
1.313000000000000000e-01 -1.234931810943391106e+00
1.413999999999999979e-01 -1.205465353921717053e+00
1.514999999999999958e-01 -1.168732208863141997e+00
1.615999999999999936e-01 -1.137230589835837025e+00
1.716999999999999915e-01 -1.117140926798182887e+00
1.817999999999999894e-01 -1.100912982385071404e+00
1.918999999999999873e-01 -1.080220993152725573e+00
2.020000000000000129e-01 -1.056411669478011017e+00
2.121000000000000107e-01 -1.036161597042156712e+00
2.222000000000000086e-01 -1.021916837898677377e+00
2.323000000000000065e-01 -1.009920188301669963e+00
2.424000000000000044e-01 -9.959449798017213640e-01
2.525000000000000022e-01 -9.799693507610188759e-01
2.626000000000000001e-01 -9.647125361957812339e-01
2.726999999999999980e-01 -9.513312169621436221e-01
2.827999999999999958e-01 -9.380545497932922805e-01
2.928999999999999937e-01 -9.229140317992066134e-01
3.029999999999999916e-01 -9.067261849947281238e-01
3.130999999999999894e-01 -8.926374600721236341e-01
3.231999999999999873e-01 -8.827608474437348418e-01
3.332999999999999852e-01 -8.756226030215004119e-01
3.433999999999999830e-01 -8.671264837397886227e-01
3.534999999999999809e-01 -8.540639216104197740e-01
3.635999999999999788e-01 -8.367776003239354443e-01
3.736999999999999766e-01 -8.186065697353460680e-01
3.837999999999999745e-01 -8.028654901538579969e-01
3.938999999999999724e-01 -7.902328188733904746e-01
4.040000000000000258e-01 -7.787433572612193489e-01
4.141000000000000236e-01 -7.660401718086000677e-01
4.242000000000000215e-01 -7.516128940334557695e-01
4.343000000000000194e-01 -7.370559750421976641e-01
4.444000000000000172e-01 -7.243787832847990993e-01
4.545000000000000151e-01 -7.141268144131877049e-01
4.646000000000000130e-01 -7.050348003455711998e-01
4.747000000000000108e-01 -6.953581237281168947e-01
4.848000000000000087e-01 -6.844866341683938371e-01
4.949000000000000066e-01 -6.733219811360064977e-01
5.050999999999999934e-01 -6.630916158652341297e-01
5.151999999999999913e-01 -6.543374869542408767e-01
5.252999999999999892e-01 -6.460021543263089194e-01
5.353999999999999870e-01 -6.368906696924336863e-01
5.454999999999999849e-01 -6.268472573509296097e-01
5.555999999999999828e-01 -6.169495006419344341e-01
5.656999999999999806e-01 -6.083620576347108511e-01
5.757999999999999785e-01 -6.009750317958201249e-01
5.858999999999999764e-01 -5.932628972169923243e-01
5.959999999999999742e-01 -5.836698282228232060e-01
6.060999999999999721e-01 -5.722792322824125089e-01
6.161999999999999700e-01 -5.610766860732860906e-01
6.262999999999999678e-01 -5.523281555674292020e-01
6.363999999999999657e-01 -5.464323318605180946e-01
6.464999999999999636e-01 -5.412959569853660335e-01
6.565999999999999615e-01 -5.340035611050746311e-01
6.666999999999999593e-01 -5.233718585854957306e-01
6.767999999999999572e-01 -5.109951661396849865e-01
6.868999999999999551e-01 -4.997237254865857792e-01
6.969999999999999529e-01 -4.910268605909215434e-01
7.070999999999999508e-01 -4.838657973000183299e-01
7.171999999999999487e-01 -4.761618914416592685e-01
7.272999999999999465e-01 -4.671359463622453134e-01
7.374000000000000554e-01 -4.577890133444843523e-01
7.475000000000000533e-01 -4.489977306891785869e-01
7.576000000000000512e-01 -4.398080814015111195e-01
7.677000000000000490e-01 -4.285954338998329560e-01
7.778000000000000469e-01 -4.160000229625913093e-01
7.879000000000000448e-01 -4.053172799017755734e-01
7.980000000000000426e-01 -3.984332424559973163e-01
8.081000000000000405e-01 -3.919644306991687532e-01
8.182000000000000384e-01 -3.802296054578224727e-01
8.283000000000000362e-01 -3.634412207061856193e-01
8.384000000000000341e-01 -3.496666008758070321e-01
8.485000000000000320e-01 -3.440814920699257207e-01
8.586000000000000298e-01 -3.386110004499207626e-01
8.687000000000000277e-01 -3.214594680984889097e-01
8.788000000000000256e-01 -2.980611960122785953e-01
8.889000000000000234e-01 -2.866346573505650364e-01
8.990000000000000213e-01 -2.844182370936980675e-01
9.091000000000000192e-01 -2.662747165474379507e-01
9.192000000000000171e-01 -2.388917553670170668e-01
9.293000000000000149e-01 -2.389274351049489042e-01
9.394000000000000128e-01 -2.371004102322763762e-01
9.495000000000000107e-01 -1.899687990848887009e-01
9.596000000000000085e-01 -1.827215529858474130e-01
9.697000000000000064e-01 -1.517695091280108766e-01
9.798000000000000043e-01 -1.316142920760485224e-01
9.899000000000000021e-01 -3.364726198987819800e-02
