1.009999999999999960e-02 -4.705254850750470119e+00
2.019999999999999921e-02 -3.432334905938293268e+00
3.030000000000000054e-02 -2.835902786080989557e+00
4.039999999999999841e-02 -2.502640404968740739e+00
5.050000000000000322e-02 -2.229344192256064616e+00
6.060000000000000109e-02 -2.079244510921919087e+00
7.069999999999999896e-02 -1.934790401478938993e+00
8.079999999999999682e-02 -1.816396988818464342e+00
9.089999999999999469e-02 -1.743239624409515187e+00
1.010000000000000064e-01 -1.673603533770209539e+00
1.111000000000000043e-01 -1.599214327499424160e+00
1.212000000000000022e-01 -1.543014840554044920e+00
1.313000000000000000e-01 -1.504290609141247126e+00
1.413999999999999979e-01 -1.463512675309175393e+00
1.514999999999999958e-01 -1.416558983572288488e+00
1.615999999999999936e-01 -1.375755408621632814e+00
1.716999999999999915e-01 -1.347145939495019817e+00
1.817999999999999894e-01 -1.323070705711453687e+00
1.918999999999999873e-01 -1.295114693372868109e+00
2.020000000000000129e-01 -1.264551108121851675e+00
2.121000000000000107e-01 -1.237995367786105749e+00
2.222000000000000086e-01 -1.217842155784996994e+00
2.323000000000000065e-01 -1.200290746520713991e+00
2.424000000000000044e-01 -1.181077320971736233e+00
2.525000000000000022e-01 -1.160148082338067210e+00
2.626000000000000001e-01 -1.140194636499874736e+00
2.726999999999999980e-01 -1.122349618462100462e+00
2.827999999999999958e-01 -1.104821142615296514e+00
2.928999999999999937e-01 -1.085622198133966432e+00
3.029999999999999916e-01 -1.065552950922918463e+00
3.130999999999999894e-01 -1.047745333059626249e+00
3.231999999999999873e-01 -1.034299393801543232e+00
3.332999999999999852e-01 -1.023729808861718160e+00
3.433999999999999830e-01 -1.011929934584978152e+00
3.534999999999999809e-01 -9.956818292446729668e-01
3.635999999999999788e-01 -9.753197002813845939e-01
3.736999999999999766e-01 -9.541749086873895225e-01
3.837999999999999745e-01 -9.355551191419272383e-01
3.938999999999999724e-01 -9.201324056599416989e-01
4.040000000000000258e-01 -9.059357289008967973e-01
4.141000000000000236e-01 -8.906027967692620173e-01
4.242000000000000215e-01 -8.736183117418500066e-01
4.343000000000000194e-01 -8.565721795284191309e-01
4.444000000000000172e-01 -8.414695666038416455e-01
4.545000000000000151e-01 -8.288520746919582072e-01
4.646000000000000130e-01 -8.174508186087814376e-01
4.747000000000000108e-01 -8.055178130718804175e-01
4.848000000000000087e-01 -7.924397643563814153e-01
4.949000000000000066e-01 -7.791153812737121598e-01
5.050999999999999934e-01 -7.667486218603846160e-01
5.151999999999999913e-01 -7.559207119448004830e-01
5.252999999999999892e-01 -7.455506114583946298e-01
5.353999999999999870e-01 -7.344410658169900907e-01
5.454999999999999849e-01 -7.224341149067521339e-01
5.555999999999999828e-01 -7.106052675731484580e-01
5.656999999999999806e-01 -7.001172063148697333e-01
5.757999999999999785e-01 -6.908581477942586924e-01
5.858999999999999764e-01 -6.813007586203205790e-01
5.959999999999999742e-01 -6.698874761128057465e-01
6.060999999999999721e-01 -6.567000328684915456e-01
6.161999999999999700e-01 -6.437223848814992433e-01
6.262999999999999678e-01 -6.332189239953049942e-01
6.363999999999999657e-01 -6.255868063176656113e-01
6.464999999999999636e-01 -6.187312707498032749e-01
6.565999999999999615e-01 -6.097353689336433291e-01
6.666999999999999593e-01 -5.974143540205406611e-01
6.767999999999999572e-01 -5.833610913507423223e-01
6.868999999999999551e-01 -5.704243733718490361e-01
6.969999999999999529e-01 -5.600720687347402471e-01
7.070999999999999508e-01 -5.512639332347529786e-01
7.171999999999999487e-01 -5.419198284885961003e-01
7.272999999999999465e-01 -5.312590291190693037e-01
7.374000000000000554e-01 -5.202810116355812697e-01
7.475000000000000533e-01 -5.098607804861083892e-01
7.576000000000000512e-01 -4.990426108360567214e-01
7.677000000000000490e-01 -4.862000720062337189e-01
7.778000000000000469e-01 -4.719714881648800486e-01
7.879000000000000448e-01 -4.596502444591958891e-01
7.980000000000000426e-01 -4.511201680274957715e-01
8.081000000000000405e-01 -4.429953687912926430e-01
8.182000000000000384e-01 -4.295919546398516697e-01
8.283000000000000362e-01 -4.111194299058075763e-01
8.384000000000000341e-01 -3.956418044967333625e-01
8.485000000000000320e-01 -3.883310576190543428e-01
8.586000000000000298e-01 -3.811079620667232604e-01
8.687000000000000277e-01 -3.621718086111842538e-01
8.788000000000000256e-01 -3.369509238440589471e-01
8.889000000000000234e-01 -3.236565992012980786e-01
8.990000000000000213e-01 -3.195184264194803059e-01
9.091000000000000192e-01 -2.993881893937006544e-01
9.192000000000000171e-01 -2.699394451555496288e-01
9.293000000000000149e-01 -2.678116359577640271e-01
9.394000000000000128e-01 -2.636978388580390464e-01
9.495000000000000107e-01 -2.141193377828564948e-01
9.596000000000000085e-01 -2.042084736790791277e-01
9.697000000000000064e-01 -1.702805668230789327e-01
9.798000000000000043e-01 -1.466504052234085809e-01
9.899000000000000021e-01 -4.422502037510592926e-02
