1.009999999999999960e-02 -2.127796252725821513e-01
2.019999999999999921e-02 -2.719225692520819138e-01
3.030000000000000054e-02 -2.687713844330339441e-01
4.039999999999999841e-02 -2.910476800188484536e-01
5.050000000000000322e-02 -2.616730739830255836e-01
6.060000000000000109e-02 -2.925936975911252458e-01
7.069999999999999896e-02 -2.895893544125791585e-01
8.079999999999999682e-02 -2.858381031045763021e-01
9.089999999999999469e-02 -3.081646110652231374e-01
1.010000000000000064e-01 -3.197556372341813224e-01
1.111000000000000043e-01 -3.156426099941286867e-01
1.212000000000000022e-01 -3.210901798241425631e-01
1.313000000000000000e-01 -3.370691502838708553e-01
1.413999999999999979e-01 -3.453076159635226072e-01
1.514999999999999958e-01 -3.426429598326550252e-01
1.615999999999999936e-01 -3.421478605498500247e-01
1.716999999999999915e-01 -3.504575511420594536e-01
1.817999999999999894e-01 -3.603872379637967915e-01
1.918999999999999873e-01 -3.639086590855842296e-01
2.020000000000000129e-01 -3.626135406652093995e-01
2.121000000000000107e-01 -3.633823612289934779e-01
2.222000000000000086e-01 -3.688324449442785813e-01
2.323000000000000065e-01 -3.753516609048578867e-01
2.424000000000000044e-01 -3.788371759016724294e-01
2.525000000000000022e-01 -3.793735788375230400e-01
2.626000000000000001e-01 -3.797722018488031703e-01
2.726999999999999980e-01 -3.812698786289547837e-01
2.827999999999999958e-01 -3.821659070532762437e-01
2.928999999999999937e-01 -3.805534773500099388e-01
3.029999999999999916e-01 -3.773036319007598283e-01
3.130999999999999894e-01 -3.756112167804478430e-01
3.231999999999999873e-01 -3.776323595843743552e-01
3.332999999999999852e-01 -3.819319168874433235e-01
3.433999999999999830e-01 -3.844483142558221545e-01
3.534999999999999809e-01 -3.820042294962412988e-01
3.635999999999999788e-01 -3.749706004657697433e-01
3.736999999999999766e-01 -3.667121065618684783e-01
3.837999999999999745e-01 -3.605667268602942843e-01
3.938999999999999724e-01 -3.572341962515526714e-01
4.040000000000000258e-01 -3.547687851289617611e-01
4.141000000000000236e-01 -3.508314219397271061e-01
4.242000000000000215e-01 -3.449281683388089048e-01
4.343000000000000194e-01 -3.386686267547935336e-01
4.444000000000000172e-01 -3.340761722213244633e-01
4.545000000000000151e-01 -3.317092801506190680e-01
4.646000000000000130e-01 -3.303147394682037219e-01
4.747000000000000108e-01 -3.281591592489053189e-01
4.848000000000000087e-01 -3.246428668751023539e-01
4.949000000000000066e-01 -3.206773140103208464e-01
5.050999999999999934e-01 -3.175682625480659715e-01
5.151999999999999913e-01 -3.157267369857086892e-01
5.252999999999999892e-01 -3.141739638860240880e-01
5.353999999999999870e-01 -3.117226826105797821e-01
5.454999999999999849e-01 -3.082243988315211958e-01
5.555999999999999828e-01 -3.047636108712214464e-01
5.656999999999999806e-01 -3.025115620341812805e-01
5.757999999999999785e-01 -3.013646451343588994e-01
5.858999999999999764e-01 -2.998033592058976238e-01
5.959999999999999742e-01 -2.962776685895479600e-01
6.060999999999999721e-01 -2.908765636621489792e-01
6.161999999999999700e-01 -2.855910233792425257e-01
6.262999999999999678e-01 -2.826922608078427657e-01
6.363999999999999657e-01 -2.825840836700270198e-01
6.464999999999999636e-01 -2.831782444372422103e-01
6.565999999999999615e-01 -2.815642016765121936e-01
6.666999999999999593e-01 -2.765635404686799248e-01
6.767999999999999572e-01 -2.697754154361600709e-01
6.868999999999999551e-01 -2.640548992023759034e-01
6.969999999999999529e-01 -2.608761667781918647e-01
7.070999999999999508e-01 -2.592053441842358530e-01
7.171999999999999487e-01 -2.569687679518704027e-01
7.272999999999999465e-01 -2.533923371728313279e-01
7.374000000000000554e-01 -2.494823523741610538e-01
7.475000000000000533e-01 -2.461208980327469487e-01
7.576000000000000512e-01 -2.423596499530265846e-01
7.677000000000000490e-01 -2.365799735451640518e-01
7.778000000000000469e-01 -2.294284722882954097e-01
7.879000000000000448e-01 -2.242073980437073455e-01
7.980000000000000426e-01 -2.228101572176690026e-01
8.081000000000000405e-01 -2.218613037254225095e-01
8.182000000000000384e-01 -2.156884415177251768e-01
8.283000000000000362e-01 -2.045138567074455405e-01
8.384000000000000341e-01 -1.964159221393860510e-01
8.485000000000000320e-01 -1.965829402394968506e-01
8.586000000000000298e-01 -1.969544617272457887e-01
8.687000000000000277e-01 -1.857516663895042164e-01
8.788000000000000256e-01 -1.684287699063438670e-01
8.889000000000000234e-01 -1.632281845147882104e-01
8.990000000000000213e-01 -1.674176060077575134e-01
9.091000000000000192e-01 -1.558964737265619571e-01
9.192000000000000171e-01 -1.353994560719092854e-01
9.293000000000000149e-01 -1.426467655955649949e-01
9.394000000000000128e-01 -1.484423148130676051e-01
9.495000000000000107e-01 -1.094670034249962953e-01
9.596000000000000085e-01 -1.110984840084083825e-01
9.697000000000000064e-01 -9.006598347778363434e-02
9.798000000000000043e-01 -8.149391491818144817e-02
9.899000000000000021e-01 1.611932627547541658e-03
