1.009999999999999960e-02 -2.286229729339299688e+00
2.019999999999999921e-02 -1.730574416953410077e+00
3.030000000000000054e-02 -1.453601262116705817e+00
4.039999999999999841e-02 -1.311782783841875633e+00
5.050000000000000322e-02 -1.169828974724427928e+00
6.060000000000000109e-02 -1.117201765282261450e+00
7.069999999999999896e-02 -1.048912914597053270e+00
8.079999999999999682e-02 -9.922498965109856073e-01
9.089999999999999469e-02 -9.705069249164347545e-01
1.010000000000000064e-01 -9.446085125585019782e-01
1.111000000000000043e-01 -9.080603257658041993e-01
1.212000000000000022e-01 -8.850554078533281466e-01
1.313000000000000000e-01 -8.757867466795826727e-01
1.413999999999999979e-01 -8.614022587384391194e-01
1.514999999999999958e-01 -8.382965092509474525e-01
1.615999999999999936e-01 -8.191974981214413809e-01
1.716999999999999915e-01 -8.104675765357333139e-01
1.817999999999999894e-01 -8.047026846165609149e-01
1.918999999999999873e-01 -7.936960595258689688e-01
2.020000000000000129e-01 -7.788924179528901037e-01
2.121000000000000107e-01 -7.670499027168914408e-01
2.222000000000000086e-01 -7.606830807169177033e-01
2.323000000000000065e-01 -7.560927773429452214e-01
2.424000000000000044e-01 -7.491018582417018346e-01
2.525000000000000022e-01 -7.397310419916206525e-01
2.626000000000000001e-01 -7.307364024569901195e-01
2.726999999999999980e-01 -7.233066816288681311e-01
2.827999999999999958e-01 -7.156990926972860434e-01
2.928999999999999937e-01 -7.059698100195279657e-01
3.029999999999999916e-01 -6.949571637571407834e-01
3.130999999999999894e-01 -6.858269627554534065e-01
3.231999999999999873e-01 -6.807094522999904695e-01
3.332999999999999852e-01 -6.781463285678777098e-01
3.433999999999999830e-01 -6.740552159462022130e-01
3.534999999999999809e-01 -6.652400447647484061e-01
3.635999999999999788e-01 -6.520548003806693194e-01
3.736999999999999766e-01 -6.378487844659549433e-01
3.837999999999999745e-01 -6.259459848364324897e-01
3.938999999999999724e-01 -6.170333698246555088e-01
4.040000000000000258e-01 -6.091535284083163804e-01
4.141000000000000236e-01 -5.999566718610509497e-01
4.242000000000000215e-01 -5.889390037555971569e-01
4.343000000000000194e-01 -5.777010357272360785e-01
4.444000000000000172e-01 -5.682577388594092227e-01
4.545000000000000151e-01 -5.611598007081602946e-01
4.646000000000000130e-01 -5.551467759946243641e-01
4.747000000000000108e-01 -5.484785379364321978e-01
4.848000000000000087e-01 -5.405491272510772882e-01
4.949000000000000066e-01 -5.322641142857322816e-01
5.050999999999999934e-01 -5.248822745383666666e-01
5.151999999999999913e-01 -5.188931869668278463e-01
5.252999999999999892e-01 -5.132708781501947870e-01
5.353999999999999870e-01 -5.068234748596923689e-01
5.454999999999999849e-01 -4.993981139431661886e-01
5.555999999999999828e-01 -4.920751447336491613e-01
5.656999999999999806e-01 -4.860218593944989895e-01
5.757999999999999785e-01 -4.811308771312356458e-01
5.858999999999999764e-01 -4.758790820125542442e-01
5.959999999999999742e-01 -4.687129643695132630e-01
6.060999999999999721e-01 -4.597181648343069971e-01
6.161999999999999700e-01 -4.508824209956687201e-01
6.262999999999999678e-01 -4.444737976635943499e-01
6.363999999999999657e-01 -4.408930325843219422e-01
6.464999999999999636e-01 -4.380488719661165820e-01
6.565999999999999615e-01 -4.330278173336495895e-01
6.666999999999999593e-01 -4.246485313387695082e-01
6.767999999999999572e-01 -4.145072658582748537e-01
6.868999999999999551e-01 -4.054561949729017512e-01
6.969999999999999529e-01 -3.989665830658296053e-01
7.070999999999999508e-01 -3.940016160537052059e-01
7.171999999999999487e-01 -3.884846420457436778e-01
7.272999999999999465e-01 -3.816385026864798080e-01
7.374000000000000554e-01 -3.744663489563550551e-01
7.475000000000000533e-01 -3.678469976266059982e-01
7.576000000000000512e-01 -3.608287088221174277e-01
7.677000000000000490e-01 -3.517892497579653832e-01
7.778000000000000469e-01 -3.413714026928729162e-01
7.879000000000000448e-01 -3.328733271585483378e-01
7.980000000000000426e-01 -3.281840083606659686e-01
8.081000000000000405e-01 -3.239231799096703446e-01
8.182000000000000384e-01 -3.144131398817835432e-01
8.283000000000000362e-01 -2.998702751066895655e-01
8.384000000000000341e-01 -2.883663293812386286e-01
8.485000000000000320e-01 -2.850820713377542059e-01
8.586000000000000298e-01 -2.819483849608506176e-01
8.687000000000000277e-01 -2.671763474148950990e-01
8.788000000000000256e-01 -2.462082255699047928e-01
8.889000000000000234e-01 -2.372720682162542394e-01
8.990000000000000213e-01 -2.376179846593218237e-01
9.091000000000000192e-01 -2.221234194190876421e-01
9.192000000000000171e-01 -1.974948356489740486e-01
9.293000000000000149e-01 -2.004151673011952961e-01
9.394000000000000128e-01 -2.016371720645928345e-01
9.495000000000000107e-01 -1.577680808209317165e-01
9.596000000000000085e-01 -1.540723253948718119e-01
9.697000000000000064e-01 -1.270880988679200241e-01
9.798000000000000043e-01 -1.115661412129016761e-01
9.899000000000000021e-01 -1.954358414290791740e-02
