1.009999999999999960e-02 -1.595079694650393787e+00
2.019999999999999921e-02 -1.244357134386300467e+00
3.030000000000000054e-02 -1.058657969555481637e+00
4.039999999999999841e-02 -9.715377492341994436e-01
5.050000000000000322e-02 -8.671103411439604614e-01
6.060000000000000109e-02 -8.423324093852158079e-01
7.069999999999999896e-02 -7.958050612022286030e-01
8.079999999999999682e-02 -7.567792987088493017e-01
9.089999999999999469e-02 -7.497261536326972342e-01
1.010000000000000064e-01 -7.363242207837281672e-01
1.111000000000000043e-01 -7.105877538419123063e-01
1.212000000000000022e-01 -6.970669985102662114e-01
1.313000000000000000e-01 -6.962142145476785116e-01
1.413999999999999979e-01 -6.893707111468001525e-01
1.514999999999999958e-01 -6.730786594448499027e-01
1.615999999999999936e-01 -6.601809522642441141e-01
1.716999999999999915e-01 -6.571309014045084718e-01
1.817999999999999894e-01 -6.565975357323060591e-01
1.918999999999999873e-01 -6.504335927124406114e-01
2.020000000000000129e-01 -6.401327921903298135e-01
2.121000000000000107e-01 -6.324940555542587495e-01
2.222000000000000086e-01 -6.300662021260380330e-01
2.323000000000000065e-01 -6.291790718635826840e-01
2.424000000000000044e-01 -6.256802974616922919e-01
2.525000000000000022e-01 -6.196118876069215409e-01
2.626000000000000001e-01 -6.137483355875944513e-01
2.726999999999999980e-01 -6.092944139622301636e-01
2.827999999999999958e-01 -6.045213641492827028e-01
2.928999999999999937e-01 -5.974976991296885309e-01
3.029999999999999916e-01 -5.890726531383470022e-01
3.130999999999999894e-01 -5.824217140971181816e-01
3.231999999999999873e-01 -5.796837547281182834e-01
3.332999999999999852e-01 -5.794081913410662477e-01
3.433999999999999830e-01 -5.775195820494088972e-01
3.534999999999999809e-01 -5.708281063419125001e-01
3.635999999999999788e-01 -5.596934004090362569e-01
3.736999999999999766e-01 -5.474698918312593809e-01
3.837999999999999745e-01 -5.374862321777197360e-01
3.938999999999999724e-01 -5.304336453002880258e-01
4.040000000000000258e-01 -5.243586139818647851e-01
4.141000000000000236e-01 -5.169149218872765017e-01
4.242000000000000215e-01 -5.076020586166677395e-01
4.343000000000000194e-01 -4.980235660697551747e-01
4.444000000000000172e-01 -4.901972166467141179e-01
4.545000000000000151e-01 -4.846762938556465339e-01
4.646000000000000130e-01 -4.802027638191507242e-01
4.747000000000000108e-01 -4.750387450405900713e-01
4.848000000000000087e-01 -4.685803737924190138e-01
4.949000000000000066e-01 -4.617351808605950625e-01
5.050999999999999934e-01 -4.557776038749333236e-01
5.151999999999999913e-01 -4.511710369731214976e-01
5.252999999999999892e-01 -4.469052400621381649e-01
5.353999999999999870e-01 -4.417898774433215436e-01
5.454999999999999849e-01 -4.356735422392845614e-01
5.555999999999999828e-01 -4.296379667795066637e-01
5.656999999999999806e-01 -4.248517602743930865e-01
5.757999999999999785e-01 -4.212087997989433230e-01
5.858999999999999764e-01 -4.171871744103353707e-01
5.959999999999999742e-01 -4.112345324428581250e-01
6.060999999999999721e-01 -4.034376311102543244e-01
6.161999999999999700e-01 -3.957852884568599516e-01
6.262999999999999678e-01 -3.905466187116771182e-01
6.363999999999999657e-01 -3.881233829462236717e-01
6.464999999999999636e-01 -3.864253294564917174e-01
6.565999999999999615e-01 -3.825399454479371242e-01
6.666999999999999593e-01 -3.752868677154063137e-01
6.767999999999999572e-01 -3.662633157175699261e-01
6.868999999999999551e-01 -3.583224297160598759e-01
6.969999999999999529e-01 -3.529364443032836918e-01
7.070999999999999508e-01 -3.490695254305488104e-01
7.171999999999999487e-01 -3.446460173477859379e-01
7.272999999999999465e-01 -3.388897808485969998e-01
7.374000000000000554e-01 -3.328050167622904065e-01
7.475000000000000533e-01 -3.272716310953196484e-01
7.576000000000000512e-01 -3.213390225324205818e-01
7.677000000000000490e-01 -3.133861576870315413e-01
7.778000000000000469e-01 -3.040570925580137196e-01
7.879000000000000448e-01 -2.966513507869346089e-01
7.980000000000000426e-01 -2.930593913130002948e-01
8.081000000000000405e-01 -2.899025545149210847e-01
8.182000000000000384e-01 -2.815049070937640785e-01
8.283000000000000362e-01 -2.680848023069414832e-01
8.384000000000000341e-01 -2.577161936339544823e-01
8.485000000000000320e-01 -2.555823609716684208e-01
8.586000000000000298e-01 -2.536170772163158782e-01
8.687000000000000277e-01 -2.400347870730979993e-01
8.788000000000000256e-01 -2.202817403487177250e-01
8.889000000000000234e-01 -2.125907736490988686e-01
8.990000000000000213e-01 -2.142178584421337018e-01
9.091000000000000192e-01 -2.000477708549123768e-01
9.192000000000000171e-01 -1.767963757899524424e-01
9.293000000000000149e-01 -1.811590333993184920e-01
9.394000000000000128e-01 -1.839055529807510359e-01
9.495000000000000107e-01 -1.416677216889532243e-01
9.596000000000000085e-01 -1.397477115993840391e-01
9.697000000000000064e-01 -1.147473937378745423e-01
9.798000000000000043e-01 -1.015420657813282113e-01
9.899000000000000021e-01 -1.249174521942276843e-02
