0.000000000000000000e+00 4.778263876867010485e-01
1.000000000000000000e+00 4.339182419058442153e-01
2.000000000000000000e+00 4.041998661281669958e-01
3.000000000000000000e+00 3.827495660056807747e-01
4.000000000000000000e+00 3.665382632057264667e-01
5.000000000000000000e+00 3.538554889459046282e-01
6.000000000000000000e+00 3.436622901620339787e-01
7.000000000000000000e+00 3.352911430565427287e-01
8.000000000000000000e+00 3.282935869176684118e-01
9.000000000000000000e+00 3.223571746099150870e-01
1.000000000000000000e+01 3.172575423428057317e-01
1.100000000000000000e+01 3.128294133381799846e-01
1.200000000000000000e+01 3.089483483733558300e-01
1.300000000000000000e+01 3.055188665973905815e-01
1.400000000000000000e+01 3.024664849938270561e-01
1.500000000000000000e+01 2.997322469757239816e-01
1.600000000000000000e+01 2.972688770597660124e-01
