2.517288084074031929e-04 1.934549365987471248e+01
1.006661764057781294e-03 9.680896919601815753e+00
2.264038713457705576e-03 6.462859517283053634e+00
4.022593584602329742e-03 4.856475033475227576e+00
6.280555661802800227e-03 3.894717021062392259e+00
9.035651368646646642e-03 3.255185627590060804e+00
1.228510655729647683e-02 2.799765051383775738e+00
1.602564930182182046e-02 2.459431373373143881e+00
2.025351319275126016e-02 2.195765639158700822e+00
2.496444112952733718e-02 1.985685119512192509e+00
3.015368960704578605e-02 1.814572388456161978e+00
3.581603349196366137e-02 1.672700346838555729e+00
4.194577128396520527e-02 1.553252630391867228e+00
4.853673085668941400e-02 1.451343112243932421e+00
5.558227567253826162e-02 1.363470502514638305e+00
6.307531146510747533e-02 1.287016475628951051e+00
7.100829338251141154e-02 1.219887899760732530e+00
7.937323358440939725e-02 1.160449644959505200e+00
8.816170928508360038e-02 1.107502888696269228e+00
9.736487123447062908e-02 1.060087592412299662e+00
1.069734526286063026e-01 1.017325215305047603e+00
1.169777784405109378e-01 9.784989230186703635e-01
1.273677751621226095e-01 9.431212639413218968e-01
1.381329809474648451e-01 9.107761157985524436e-01
1.492625561468393647e-01 8.809979082988128596e-01
1.607452942214338543e-01 8.534043943116482733e-01
1.725696330273573942e-01 8.277925384196080927e-01
1.847236664577387999e-01 8.039674083591256126e-01
1.971951564311666405e-01 7.816222264929247876e-01
2.099715452144008676e-01 7.605149263371727697e-01
2.230399680669447604e-01 7.405855124742116713e-01
2.363872661947486464e-01 7.217445247694198596e-01
2.499999999999997780e-01 7.037347184903640640e-01
2.638644626136583682e-01 6.863703986647030630e-01
2.779666936971130209e-01 6.696898246170263080e-01
2.922924934990568380e-01 6.536605431889392914e-01
3.068274371534356337e-01 6.379868517295368413e-01
3.215568892040640003e-01 6.224736691998251636e-01
3.364660183412890859e-01 6.072743229724503200e-01
3.515398123358624005e-01 5.923701357050548122e-01
3.667630931549822337e-01 5.770934633515301115e-01
3.821205322452865261e-01 5.607884150176064564e-01
3.975966659674047277e-01 5.438950377548149584e-01
4.131759111665348483e-01 5.277611444150954734e-01
4.288425808633573588e-01 5.132432869437563161e-01
4.445809000494944097e-01 4.999881394488002173e-01
4.603750215716055916e-01 4.872363956445563415e-01
4.762090420881286423e-01 4.747867295604982218e-01
4.920670180825961748e-01 4.628489932588899514e-01
5.079329819174041027e-01 4.514085989983696034e-01
5.237909579118711356e-01 4.402190976181314386e-01
5.396249784283941864e-01 4.292140615821815608e-01
5.554190999505054238e-01 4.185132791390651641e-01
5.711574191366424191e-01 4.081071878925969787e-01
5.868240888334650407e-01 3.978490528657867009e-01
6.024033340325950503e-01 3.877062822051756674e-01
6.178794677547136960e-01 3.777629372710067379e-01
6.332369068450175442e-01 3.680090532314604368e-01
6.484601876641370444e-01 3.583411921544610301e-01
6.635339816587108031e-01 3.487425541421891872e-01
6.784431107959358886e-01 3.392784678320375225e-01
6.931725628465641442e-01 3.299384497662127269e-01
7.077075065009430510e-01 3.206434538511057641e-01
7.220333063028867571e-01 3.113859855950188438e-01
7.361355373863414098e-01 3.022199806153408885e-01
7.499999999999996669e-01 2.931345687974274417e-01
7.636127338052511870e-01 2.840663633383033182e-01
7.769600319330550731e-01 2.750140664919984990e-01
7.900284547855989103e-01 2.660240120131455721e-01
8.028048435688331930e-01 2.570850114818312715e-01
8.152763335422610336e-01 2.481445410288910802e-01
8.274303669726426058e-01 2.392057539050839177e-01
8.392547057785657572e-01 2.303095851513503878e-01
8.507374438531606353e-01 2.214445433601441582e-01
8.618670190525350439e-01 2.125660206781551931e-01
8.726322248378772795e-01 2.036805315836309749e-01
8.830222215594889512e-01 1.948250126468090704e-01
8.930265473713936419e-01 1.859876633520141931e-01
9.026351287655294264e-01 1.771298215220784844e-01
9.118382907149161776e-01 1.682606174549422795e-01
9.206267664155906028e-01 1.594139591798011957e-01
9.289917066174885329e-01 1.505777456170695749e-01
9.369246885348924136e-01 1.417178361714647727e-01
9.444177243274616274e-01 1.328454038933348513e-01
9.514632691433104750e-01 1.239920878339016846e-01
9.580542287160349613e-01 1.151455753317558867e-01
9.641839665080361721e-01 1.062751138104194720e-01
9.698463103929542140e-01 9.739337532132749664e-02
9.750355588704725518e-01 8.853048965835810802e-02
9.797464868072487398e-01 7.967429288879269988e-02
9.839743506981781795e-01 7.079635762930877596e-02
9.877148934427034677e-01 6.191008685454644361e-02
9.909643486313534089e-01 5.304535023061088955e-02
9.937194443381971443e-01 4.419164161349873471e-02
9.959774064153976703e-01 3.532152082449925568e-02
9.977359612865421834e-01 2.644705415747655719e-02
9.989933382359421632e-01 1.760294236451789146e-02
9.997482711915925968e-01 8.794126621374005401e-03
