2.517288084074031929e-04 -7.052290903527560495e+00
1.006661764057781294e-03 -3.514671984082317291e+00
2.264038713457705576e-03 -2.330493280342379236e+00
4.022593584602329742e-03 -1.734660988311294894e+00
6.280555661802800227e-03 -1.374201331344710120e+00
9.035651368646646642e-03 -1.131513937707891770e+00
1.228510655729647683e-02 -9.561429557772801457e-01
1.602564930182182046e-02 -8.228263649648810407e-01
2.025351319275126016e-02 -7.176019411610661258e-01
2.496444112952733718e-02 -6.321236151716994600e-01
3.015368960704578605e-02 -5.610085850036191646e-01
3.581603349196366137e-02 -5.006503874159109468e-01
4.194577128396520527e-02 -4.486343871833517460e-01
4.853673085668941400e-02 -4.032530730057657942e-01
5.558227567253826162e-02 -3.631723369161395376e-01
6.307531146510747533e-02 -3.273838963005373803e-01
7.100829338251141154e-02 -2.952075375088837328e-01
7.937323358440939725e-02 -2.661212897230244012e-01
8.816170928508360038e-02 -2.396209491566354266e-01
9.736487123447062908e-02 -2.153040832894140000e-01
1.069734526286063026e-01 -1.929462318881643712e-01
1.169777784405109378e-01 -1.723617272296611991e-01
1.273677751621226095e-01 -1.532924304420435480e-01
1.381329809474648451e-01 -1.355330943546353695e-01
1.492625561468393647e-01 -1.190272959939741582e-01
1.607452942214338543e-01 -1.037155539411441230e-01
1.725696330273573942e-01 -8.942457527291129693e-02
1.847236664577387999e-01 -7.602668483106475583e-02
1.971951564311666405e-01 -6.355051083083904095e-02
2.099715452144008676e-01 -5.199701796435864110e-02
2.230399680669447604e-01 -4.121617134951639783e-02
2.363872661947486464e-01 -3.111361666660536138e-02
2.499999999999997780e-01 -2.178502720332358908e-02
2.638644626136583682e-01 -1.327349771540195511e-02
2.779666936971130209e-01 -5.414428950622849311e-03
2.922924934990568380e-01 1.872064721975080087e-03
3.068274371534356337e-01 8.390511139583750611e-03
3.215568892040640003e-01 1.403554545347952646e-02
3.364660183412890859e-01 1.904104573671335995e-02
3.515398123358624005e-01 2.346086638053226231e-02
3.667630931549822337e-01 2.669285488163571085e-02
3.821205322452865261e-01 2.814041068598802445e-02
3.975966659674047277e-01 2.829739194086030793e-02
4.131759111665348483e-01 2.856056689733396659e-02
4.288425808633573588e-01 2.983112765080039863e-02
4.445809000494944097e-01 3.179654320481089397e-02
4.603750215716055916e-01 3.373486695089274179e-02
4.762090420881286423e-01 3.547905620089433776e-02
4.920670180825961748e-01 3.727048483337303680e-02
5.079329819174041027e-01 3.912360263828628532e-02
5.237909579118711356e-01 4.081875831761962864e-02
5.396249784283941864e-01 4.231429896712364525e-02
5.554190999505054238e-01 4.375295621838949656e-02
5.711574191366424191e-01 4.514645050904952939e-02
5.868240888334650407e-01 4.636782127426033323e-02
6.024033340325950503e-01 4.740287853048889138e-02
6.178794677547136960e-01 4.835283459482037777e-02
6.332369068450175442e-01 4.922373378038022440e-02
6.484601876641370444e-01 4.992710355036566322e-02
6.635339816587108031e-01 5.046015396640335382e-02
6.784431107959358886e-01 5.090134787646343612e-02
6.931725628465641442e-01 5.125253232150089877e-02
7.077075065009430510e-01 5.144625323499005254e-02
7.220333063028867571e-01 5.148592887057677758e-02
7.361355373863414098e-01 5.143578210384576466e-02
7.499999999999996669e-01 5.129465356619820199e-02
7.636127338052511870e-01 5.100833535116236495e-02
7.769600319330550731e-01 5.058421755769399591e-02
7.900284547855989103e-01 5.007686806318625838e-02
8.028048435688331930e-01 4.948291306022776365e-02
8.152763335422610336e-01 4.875725518807281361e-02
8.274303669726426058e-01 4.791011497965954463e-02
8.392547057785657572e-01 4.698916212867355890e-02
8.507374438531606353e-01 4.598933178752365181e-02
8.618670190525350439e-01 4.487215724417518287e-02
8.726322248378772795e-01 4.365002968824509971e-02
8.830222215594889512e-01 4.236551743400130549e-02
8.930265473713936419e-01 4.101222482203847886e-02
9.026351287655294264e-01 3.955668446941035254e-02
9.118382907149161776e-01 3.801302709472846597e-02
9.206267664155906028e-01 3.641998143120026704e-02
9.289917066174885329e-01 3.477010110766259182e-02
9.369246885348924136e-01 3.303374711402753960e-02
9.444177243274616274e-01 3.122645306561879289e-02
9.514632691433104750e-01 2.938408896458405764e-02
9.580542287160349613e-01 2.749845426212192689e-02
9.641839665080361721e-01 2.554279986232902561e-02
9.698463103929542140e-01 2.353370235820975709e-02
9.750355588704725518e-01 2.150510637789019436e-02
9.797464868072487398e-01 1.944858193408851785e-02
9.839743506981781795e-01 1.733936315026204586e-02
9.877148934427034677e-01 1.519445019288934683e-02
9.909643486313534089e-01 1.304725344158997116e-02
9.937194443381971443e-01 1.089075857419595852e-02
9.959774064153976703e-01 8.700975714039512962e-03
9.977359612865421834e-01 6.493387127930112454e-03
9.989933382359421632e-01 4.306082253533132127e-03
9.997482711915925968e-01 2.147370588657540255e-03
