2.517288084074031929e-04 -9.252106283811068366e+00
1.006661764057781294e-03 -4.614302726055989901e+00
2.264038713457705576e-03 -3.063272680144498494e+00
4.022593584602329742e-03 -2.283922323460171544e+00
6.280555661802800227e-03 -1.813277860711968614e+00
9.035651368646646642e-03 -1.497072234816054559e+00
1.228510655729647683e-02 -1.269135289707367775e+00
1.602564930182182046e-02 -1.096347843159716007e+00
2.025351319275126016e-02 -9.603825728543801121e-01
2.496444112952733718e-02 -8.502743430620238740e-01
3.015368960704578605e-02 -7.589736661252675098e-01
3.581603349196366137e-02 -6.817629486037830588e-01
4.194577128396520527e-02 -6.154583053146202021e-01
4.853673085668941400e-02 -5.578027551099074000e-01
5.558227567253826162e-02 -5.070592402020378531e-01
6.307531146510747533e-02 -4.619172606279947080e-01
7.100829338251141154e-02 -4.214654906146851343e-01
7.937323358440939725e-02 -3.850022009465684514e-01
8.816170928508360038e-02 -3.518812689777108815e-01
9.736487123447062908e-02 -3.215867229312234232e-01
1.069734526286063026e-01 -2.938021858209321491e-01
1.169777784405109378e-01 -2.682667814170223153e-01
1.273677751621226095e-01 -2.446602383073239739e-01
1.381329809474648451e-01 -2.227255285340676572e-01
1.492625561468393647e-01 -2.023627296850398494e-01
1.607452942214338543e-01 -1.834755496288767995e-01
1.725696330273573942e-01 -1.658593347472878399e-01
1.847236664577387999e-01 -1.493595259302472611e-01
1.971951564311666405e-01 -1.339815722744859272e-01
2.099715452144008676e-01 -1.197063466561528733e-01
2.230399680669447604e-01 -1.063663116681603377e-01
2.363872661947486464e-01 -9.385179511960747845e-02
2.499999999999997780e-01 -8.224500601113085563e-02
2.638644626136583682e-01 -7.157715574707736172e-02
2.779666936971130209e-01 -6.167311674792691489e-02
2.922924934990568380e-01 -5.244364181693857846e-02
3.068274371534356337e-01 -4.407585057624567593e-02
3.215568892040640003e-01 -3.666763152538259074e-02
3.364660183412890859e-01 -2.997839403293139568e-02
3.515398123358624005e-01 -2.394823939651125749e-02
3.667630931549822337e-01 -1.917386249085549499e-02
3.821205322452865261e-01 -1.624692300831348177e-02
3.975966659674047277e-01 -1.466907854363592133e-02
4.131759111665348483e-01 -1.303948122914616592e-02
4.288425808633573588e-01 -1.045321895694592378e-02
4.445809000494944097e-01 -7.219423148854894542e-03
4.603750215716055916e-01 -4.056927106912560504e-03
4.762090420881286423e-01 -1.129916579072625044e-03
4.920670180825961748e-01 1.805609131246611355e-03
5.079329819174041027e-01 4.766519608279346475e-03
5.237909579118711356e-01 7.535396709243633202e-03
5.396249784283941864e-01 1.007265208253550065e-02
5.554190999505054238e-01 1.252292930833315970e-02
5.711574191366424191e-01 1.489972239375391902e-02
5.868240888334650407e-01 1.707771864163312031e-02
6.024033340325950503e-01 1.904426155759836314e-02
6.178794677547136960e-01 2.090199270513817820e-02
6.332369068450175442e-01 2.265829049279016738e-02
6.484601876641370444e-01 2.422592950002440404e-02
6.635339816587108031e-01 2.560328728508787233e-02
6.784431107959358886e-01 2.686992121349895610e-02
6.931725628465641442e-01 2.802870586777493275e-02
7.077075065009430510e-01 2.901315318364710433e-02
7.220333063028867571e-01 2.982759081020661118e-02
7.361355373863414098e-01 3.053709889455450202e-02
7.499999999999996669e-01 3.114132729692909232e-02
7.636127338052511870e-01 3.158683301890061190e-02
7.769600319330550731e-01 3.188173014650196729e-02
7.900284547855989103e-01 3.208127273402297530e-02
8.028048435688331930e-01 3.218273819176079714e-02
8.152763335422610336e-01 3.214164803467129544e-02
8.274303669726426058e-01 3.196881173587418773e-02
8.392547057785657572e-01 3.171246021011715766e-02
8.507374438531606353e-01 3.136806415647193369e-02
8.618670190525350439e-01 3.089766862467683770e-02
8.726322248378772795e-01 3.031415453029627505e-02
8.830222215594889512e-01 2.966055949960069368e-02
8.930265473713936419e-01 2.893093827787386607e-02
9.026351287655294264e-01 2.809225638168796543e-02
9.118382907149161776e-01 2.715906123137730097e-02
9.206267664155906028e-01 2.617048328548350622e-02
9.289917066174885329e-01 2.511946406521199660e-02
9.369246885348924136e-01 2.397673969257443569e-02
9.444177243274616274e-01 2.275820716330912569e-02
9.514632691433104750e-01 2.150008905880758728e-02
9.580542287160349613e-01 2.019452750631909460e-02
9.641839665080361721e-01 1.881510703332149592e-02
9.698463103929542140e-01 1.737872961128328342e-02
9.750355588704725518e-01 1.591965777118453662e-02
9.797464868072487398e-01 1.442977268786315229e-02
9.839743506981781795e-01 1.288461361034150439e-02
9.877148934427034677e-01 1.130148047108458891e-02
9.909643486313534089e-01 9.714078709171562742e-03
9.937194443381971443e-01 8.115684987587397023e-03
9.959774064153976703e-01 6.482596954834538017e-03
9.977359612865421834e-01 4.830581542134577272e-03
9.989933382359421632e-01 3.198010577617735155e-03
9.997482711915925968e-01 1.593474252597836200e-03
