2.517288084074031929e-04 1.494586289930767720e+01
1.006661764057781294e-03 7.481635435654468758e+00
2.264038713457705576e-03 4.997300717678816007e+00
4.022593584602329742e-03 3.757952363177472943e+00
6.280555661802800227e-03 3.016563962327875270e+00
9.035651368646646642e-03 2.524069033373735671e+00
1.228510655729647683e-02 2.173780383523600257e+00
1.602564930182182046e-02 1.912388416983474837e+00
2.025351319275126016e-02 1.710204375772073515e+00
2.496444112952733718e-02 1.549383663731543903e+00
3.015368960704578605e-02 1.418642226212865287e+00
3.581603349196366137e-02 1.310475224462811727e+00
4.194577128396520527e-02 1.219604794129331093e+00
4.853673085668941400e-02 1.142243748035649542e+00
5.558227567253826162e-02 1.075696695942842007e+00
6.307531146510747533e-02 1.017949746974036396e+00
7.100829338251141154e-02 9.673719935491296162e-01
7.937323358440939725e-02 9.226878225124174326e-01
8.816170928508360038e-02 8.829822490541185953e-01
9.736487123447062908e-02 8.475223131286812039e-01
1.069734526286063026e-01 8.156133074395123250e-01
1.169777784405109378e-01 7.866888146439485752e-01
1.273677751621226095e-01 7.603856482107610448e-01
1.381329809474648451e-01 7.363912474396878682e-01
1.492625561468393647e-01 7.143270409166816437e-01
1.607452942214338543e-01 6.938844029361830312e-01
1.725696330273573942e-01 6.749230194708548680e-01
1.847236664577387999e-01 6.573017261607606576e-01
1.971951564311666405e-01 6.407601036056308486e-01
2.099715452144008676e-01 6.250962689535842776e-01
2.230399680669447604e-01 6.102852318369237361e-01
2.363872661947486464e-01 5.962681678634157434e-01
2.499999999999997780e-01 5.828147608747494823e-01
2.638644626136583682e-01 5.697630826013522221e-01
2.779666936971130209e-01 5.571724490224181370e-01
2.922924934990568380e-01 5.450291301111119813e-01
3.068274371534356337e-01 5.330541282978780160e-01
3.215568892040640003e-01 5.210673152421009258e-01
3.364660183412890859e-01 5.092354434331608504e-01
3.515398123358624005e-01 4.975519241509677726e-01
3.667630931549822337e-01 4.853600286065477554e-01
3.821205322452865261e-01 4.720137476290031664e-01
3.975966659674047277e-01 4.579620967858224478e-01
4.131759111665348483e-01 4.445610481621353749e-01
4.288425808633573588e-01 4.326745937282638343e-01
4.445809000494944097e-01 4.219562067414691087e-01
4.603750215716055916e-01 4.116528075289458410e-01
4.762090420881286423e-01 4.015687840005642828e-01
4.920670180825961748e-01 3.919192418546371681e-01
5.079329819174041027e-01 3.826944329383557553e-01
5.237909579118711356e-01 3.736523744013794945e-01
5.396249784283941864e-01 3.647307678130052855e-01
5.554190999505054238e-01 3.560532253189525598e-01
5.711574191366424191e-01 3.476137316620057649e-01
5.868240888334650407e-01 3.392688476005323306e-01
6.024033340325950503e-01 3.309890482593945693e-01
6.178794677547136960e-01 3.228612534916424082e-01
6.332369068450175442e-01 3.148781666562803783e-01
6.484601876641370444e-01 3.069388440537785256e-01
6.635339816587108031e-01 2.990288207795582243e-01
6.784431107959358886e-01 2.912156145061086110e-01
6.931725628465641442e-01 2.834907968587607185e-01
7.077075065009430510e-01 2.757772537484198816e-01
7.220333063028867571e-01 2.680693094742785387e-01
7.361355373863414098e-01 2.604226141967583841e-01
7.499999999999996669e-01 2.528279162588892848e-01
7.636127338052511870e-01 2.452233586737799509e-01
7.769600319330550731e-01 2.376090916696144417e-01
7.900284547855989103e-01 2.300328213548191170e-01
8.028048435688331930e-01 2.224846617448974495e-01
8.152763335422610336e-01 2.149133267220880439e-01
8.274303669726426058e-01 2.073231474175132316e-01
8.392547057785657572e-01 1.997561813142375853e-01
8.507374438531606353e-01 1.922020080980407497e-01
8.618670190525350439e-01 1.846170434391585236e-01
8.726322248378772795e-01 1.770087812677333394e-01
8.830222215594889512e-01 1.694150967780078121e-01
8.930265473713936419e-01 1.618250902636849120e-01
9.026351287655294264e-01 1.542009653466338281e-01
9.118382907149161776e-01 1.465526857282399842e-01
9.206267664155906028e-01 1.389149628883677157e-01
9.289917066174885329e-01 1.312764715321684261e-01
9.369246885348924136e-01 1.236038213285585025e-01
9.444177243274616274e-01 1.159089120887154822e-01
9.514632691433104750e-01 1.082240880223487578e-01
9.580542287160349613e-01 1.005377218201502360e-01
9.641839665080361721e-01 9.281972815240442654e-02
9.698463103929542140e-01 8.508342982747454930e-02
9.750355588704725518e-01 7.735959244494680642e-02
9.797464868072487398e-01 6.963667439634201040e-02
9.839743506981781795e-01 6.188685854946764792e-02
9.877148934427034677e-01 5.412414741093693471e-02
9.909643486313534089e-01 4.637900076577407271e-02
9.937194443381971443e-01 3.864149444028160824e-02
9.959774064153976703e-01 3.088476330608928497e-02
9.977359612865421834e-01 2.312144298588548336e-02
9.989933382359421632e-01 1.538679901268710098e-02
9.997482711915925968e-01 7.686333949254596856e-03
