2.517288084074031929e-04 -4.528447626769904755e-01
1.006661764057781294e-03 -2.157797581612826143e-01
2.264038713457705576e-03 -1.321550809360207968e-01
4.022593584602329742e-03 -8.687698286466390141e-02
6.280555661802800227e-03 -5.697174324293483721e-02
9.035651368646646642e-03 -3.483904638340366150e-02
1.228510655729647683e-02 -1.716595398701618175e-02
1.602564930182182046e-02 -2.261930380374343671e-03
2.025351319275126016e-02 1.073995391887565785e-02
2.496444112952733718e-02 2.232856849927380288e-02
3.015368960704578605e-02 3.288665836132585729e-02
3.581603349196366137e-02 4.268729614770586794e-02
4.194577128396520527e-02 5.183736721045293511e-02
4.853673085668941400e-02 6.039597330665879421e-02
5.558227567253826162e-02 6.848837294155495081e-02
6.307531146510747533e-02 7.621619668183465812e-02
7.100829338251141154e-02 8.356632180852015257e-02
7.937323358440939725e-02 9.052144394760805457e-02
8.816170928508360038e-02 9.716001030659073001e-02
9.736487123447062908e-02 1.035438356360145334e-01
1.069734526286063026e-01 1.096216299101386155e-01
1.169777784405109378e-01 1.153534353324215944e-01
1.273677751621226095e-01 1.208109931537977993e-01
1.381329809474648451e-01 1.260442081836616046e-01
1.492625561468393647e-01 1.309790050792226102e-01
1.607452942214338543e-01 1.355644331220539622e-01
1.725696330273573942e-01 1.398797031502186650e-01
1.847236664577387999e-01 1.439718384664829542e-01
1.971951564311666405e-01 1.477426735001020897e-01
2.099715452144008676e-01 1.511309681110241665e-01
2.230399680669447604e-01 1.542342496064154911e-01
2.363872661947486464e-01 1.571009186924008927e-01
2.499999999999997780e-01 1.595949092200983632e-01
2.638644626136583682e-01 1.616374763796242231e-01
2.779666936971130209e-01 1.633616344412894272e-01
2.922924934990568380e-01 1.648191843387161737e-01
3.068274371534356337e-01 1.657895962870719053e-01
3.215568892040640003e-01 1.661450763900659267e-01
3.364660183412890859e-01 1.660993650456477067e-01
3.515398123358624005e-01 1.656881837116629952e-01
3.667630931549822337e-01 1.642930069991093145e-01
3.821205322452865261e-01 1.613024117688924564e-01
3.975966659674047277e-01 1.571968033943489940e-01
4.131759111665348483e-01 1.533607112767743919e-01
4.288425808633573588e-01 1.506841674740394543e-01
4.445809000494944097e-01 1.488444422658082855e-01
4.603750215716055916e-01 1.471102491243085064e-01
4.762090420881286423e-01 1.453059745407953018e-01
4.920670180825961748e-01 1.436651119397522880e-01
5.079329819174041027e-01 1.421948517283070923e-01
5.237909579118711356e-01 1.406688431427476071e-01
5.396249784283941864e-01 1.390392396208881554e-01
5.554190999505054238e-01 1.374430369485583614e-01
5.711574191366424191e-01 1.358866348549363778e-01
5.868240888334650407e-01 1.342381291721418679e-01
6.024033340325950503e-01 1.324787294491603928e-01
6.178794677547136960e-01 1.307053602638671153e-01
6.332369068450175442e-01 1.289200636431502567e-01
6.484601876641370444e-01 1.270306257013894824e-01
6.635339816587108031e-01 1.250307540103498538e-01
6.784431107959358886e-01 1.229956278653568658e-01
6.931725628465641442e-01 1.209240116826788281e-01
7.077075065009430510e-01 1.187455533890189457e-01
7.220333063028867571e-01 1.164609430516873878e-01
7.361355373863414098e-01 1.141318317317195213e-01
7.499999999999996669e-01 1.117546323740055136e-01
7.636127338052511870e-01 1.092728423479475824e-01
7.769600319330550731e-01 1.066916797912701165e-01
7.900284547855989103e-01 1.040636540506761631e-01
8.028048435688331930e-01 1.013834376656286146e-01
8.152763335422610336e-01 9.860407664827731955e-02
8.274303669726426058e-01 9.573402471101560840e-02
8.392547057785657572e-01 9.281926788434273490e-02
8.507374438531606353e-01 8.985313468067883391e-02
8.618670190525350439e-01 8.679562310267016634e-02
8.726322248378772795e-01 8.365765516209154595e-02
8.830222215594889512e-01 8.048039123720325538e-02
8.930265473713936419e-01 7.725608445453237272e-02
9.026351287655294264e-01 7.394996873257737857e-02
9.118382907149161776e-01 7.057492468478197833e-02
9.206267664155906028e-01 6.716847586835053563e-02
9.289917066174885329e-01 6.372201223501430811e-02
9.369246885348924136e-01 6.020476937838684095e-02
9.444177243274616274e-01 5.663119077254781530e-02
9.514632691433104750e-01 5.303608868191348608e-02
9.580542287160349613e-01 4.941023452953046541e-02
9.641839665080361721e-01 4.572587834935164242e-02
9.698463103929542140e-01 4.199862059898919198e-02
9.750355588704725518e-01 3.826145219800717451e-02
9.797464868072487398e-01 3.450500967276454861e-02
9.839743506981781795e-01 3.070361177002372058e-02
9.877148934427034677e-01 2.687335935830363273e-02
9.909643486313534089e-01 2.304677763884521724e-02
9.937194443381971443e-01 1.921597933402165517e-02
9.959774064153976703e-01 1.535611199165444474e-02
9.977359612865421834e-01 1.148180388531672841e-02
9.989933382359421632e-01 7.630297281279321310e-03
9.997482711915925968e-01 3.809059596836655241e-03
