2.517288084074031929e-04 -1.145192166409459134e+01
1.006661764057781294e-03 -5.713933468029668283e+00
2.264038713457705576e-03 -3.796052079946617752e+00
4.022593584602329742e-03 -2.833183658609048194e+00
6.280555661802800227e-03 -2.252354390079228441e+00
9.035651368646646642e-03 -1.862630531924217125e+00
1.228510655729647683e-02 -1.582127623637455738e+00
1.602564930182182046e-02 -1.369869321354551417e+00
2.025351319275126016e-02 -1.203163204547694098e+00
2.496444112952733718e-02 -1.068425070952349065e+00
3.015368960704578605e-02 -9.569387472469158551e-01
3.581603349196366137e-02 -8.628755097916551708e-01
4.194577128396520527e-02 -7.822822234458883806e-01
4.853673085668941400e-02 -7.123524372140488392e-01
5.558227567253826162e-02 -6.509461434879360020e-01
6.307531146510747533e-02 -5.964506249554524242e-01
7.100829338251141154e-02 -5.477234437204870909e-01
7.937323358440939725e-02 -5.038831121701125015e-01
8.816170928508360038e-02 -4.641415887987863087e-01
9.736487123447062908e-02 -4.278693625730328187e-01
1.069734526286063026e-01 -3.946581397536998437e-01
1.169777784405109378e-01 -3.641718356043832094e-01
1.273677751621226095e-01 -3.360280461726045109e-01
1.381329809474648451e-01 -3.099179627134999726e-01
1.492625561468393647e-01 -2.856981633761052630e-01
1.607452942214338543e-01 -2.632355453166093651e-01
1.725696330273573942e-01 -2.422940942216644522e-01
1.847236664577387999e-01 -2.226923670294297941e-01
1.971951564311666405e-01 -2.044126337181328967e-01
2.099715452144008676e-01 -1.874156753479472026e-01
2.230399680669447604e-01 -1.715164519868045134e-01
2.363872661947486464e-01 -1.565899735726096198e-01
2.499999999999997780e-01 -1.427049848189380910e-01
2.638644626136583682e-01 -1.298808137787527128e-01
2.779666936971130209e-01 -1.179318045452310143e-01
2.922924934990568380e-01 -1.067593483558522821e-01
3.068274371534356337e-01 -9.654221229207510246e-02
3.215568892040640003e-01 -8.737080850424472356e-02
3.364660183412890859e-01 -7.899783380257620335e-02
3.515398123358624005e-01 -7.135734517355478423e-02
3.667630931549822337e-01 -6.504057986334668695e-02
3.821205322452865261e-01 -6.063425670261498451e-02
3.975966659674047277e-01 -5.763554902813208813e-02
4.131759111665348483e-01 -5.463952935562626373e-02
4.288425808633573588e-01 -5.073756556469224965e-02
4.445809000494944097e-01 -4.623538950252071428e-02
4.603750215716055916e-01 -4.184872116471782810e-02
4.762090420881286423e-01 -3.773888935903961517e-02
4.920670180825961748e-01 -3.365926657087982277e-02
5.079329819174041027e-01 -2.959056342172760451e-02
5.237909579118711356e-01 -2.574796489913233621e-02
5.396249784283941864e-01 -2.216899480205266129e-02
5.554190999505054238e-01 -1.870709760172315286e-02
5.711574191366424191e-01 -1.534700572154171563e-02
5.868240888334650407e-01 -1.221238399099407353e-02
6.024033340325950503e-01 -9.314355415292196322e-03
6.178794677547136960e-01 -6.548849184544012700e-03
6.332369068450175442e-01 -3.907152794799834995e-03
6.484601876641370444e-01 -1.475244550316877042e-03
6.635339816587108031e-01 7.464206037723851959e-04
6.784431107959358886e-01 2.838494550534467840e-03
6.931725628465641442e-01 4.804879414048949388e-03
7.077075065009430510e-01 6.580053132304130963e-03
7.220333063028867571e-01 8.169252749836430905e-03
7.361355373863414098e-01 9.638415685263232446e-03
7.499999999999996669e-01 1.098800102765999480e-02
7.636127338052511870e-01 1.216533068663886753e-02
7.769600319330550731e-01 1.317924273530992826e-02
7.900284547855989103e-01 1.408567740485969395e-02
8.028048435688331930e-01 1.488256332329382370e-02
8.152763335422610336e-01 1.552604088126972350e-02
8.274303669726426058e-01 1.602750849208880307e-02
8.392547057785657572e-01 1.643575829156078763e-02
8.507374438531606353e-01 1.674679652542023986e-02
8.618670190525350439e-01 1.692318000517849599e-02
8.726322248378772795e-01 1.697827937234745732e-02
8.830222215594889512e-01 1.695560156520005760e-02
8.930265473713936419e-01 1.684965173370922553e-02
9.026351287655294264e-01 1.662782829396561649e-02
9.118382907149161776e-01 1.630509536802614637e-02
9.206267664155906028e-01 1.592098513976675581e-02
9.289917066174885329e-01 1.546882702276142739e-02
9.369246885348924136e-01 1.491973227112133871e-02
9.444177243274616274e-01 1.428996126099947063e-02
9.514632691433104750e-01 1.361608915303112732e-02
9.580542287160349613e-01 1.289060075051628659e-02
9.641839665080361721e-01 1.208741420431396450e-02
9.698463103929542140e-01 1.122375686435682189e-02
9.750355588704725518e-01 1.033420916447886154e-02
9.797464868072487398e-01 9.410963441637804072e-03
9.839743506981781795e-01 8.429864070420947306e-03
9.877148934427034677e-01 7.408510749279836188e-03
9.909643486313534089e-01 6.380903976753151720e-03
9.937194443381971443e-01 5.340611400978829450e-03
9.959774064153976703e-01 4.264218195629559602e-03
9.977359612865421834e-01 3.167775956339040789e-03
9.989933382359421632e-01 2.089938901702338182e-03
9.997482711915925968e-01 1.039577916538130626e-03
