2.517288084074031929e-04 1.746970617606530718e+00
1.006661764057781294e-03 8.838509838123956852e-01
2.264038713457705576e-03 6.006243188660985721e-01
4.022593584602329742e-03 4.623843522842130405e-01
6.280555661802800227e-03 3.821047861243236365e-01
9.035651368646646642e-03 3.307192507247591617e-01
1.228510655729647683e-02 2.958263799430716490e-01
1.602564930182182046e-02 2.712595478144611549e-01
2.025351319275126016e-02 2.535205856121897083e-01
2.496444112952733718e-02 2.404792963895981683e-01
3.015368960704578605e-02 2.308517394829742997e-01
3.581603349196366137e-02 2.237998573355780008e-01
4.194577128396520527e-02 2.186612853417211066e-01
4.853673085668941400e-02 2.149456554108002682e-01
5.558227567253826162e-02 2.123752762274531691e-01
6.307531146510747533e-02 2.107495610092919858e-01
7.100829338251141154e-02 2.098242749143215402e-01
7.937323358440939725e-02 2.094023551711521325e-01
8.816170928508360038e-02 2.094203301276662266e-01
9.736487123447062908e-02 2.098264752778238873e-01
1.069734526286063026e-01 2.104775838429062684e-01
1.169777784405109378e-01 2.112584895197825441e-01
1.273677751621226095e-01 2.121788010190783225e-01
1.381329809474648451e-01 2.132366423630939201e-01
1.492625561468393647e-01 2.143144387702882459e-01
1.607452942214338543e-01 2.153244288097866388e-01
1.725696330273573942e-01 2.163144626245953328e-01
1.847236664577387999e-01 2.173046795656654873e-01
1.971951564311666405e-01 2.181737349437490869e-01
2.099715452144008676e-01 2.188402968028184403e-01
2.230399680669447604e-01 2.193843899250594587e-01
2.363872661947486464e-01 2.198390971454030063e-01
2.499999999999997780e-01 2.200548880279056541e-01
2.638644626136583682e-01 2.199411344112996436e-01
2.779666936971130209e-01 2.196203222385934850e-01
2.922924934990568380e-01 2.191348908776298843e-01
3.068274371534356337e-01 2.182559580029013180e-01
3.215568892040640003e-01 2.168482533689280456e-01
3.364660183412890859e-01 2.151188048152924970e-01
3.515398123358624005e-01 2.130972894887065427e-01
3.667630931549822337e-01 2.101597243716005203e-01
3.821205322452865261e-01 2.056897454631939903e-01
3.975966659674047277e-01 2.001632738788452215e-01
4.131759111665348483e-01 1.949607594032545244e-01
4.288425808633573588e-01 1.909685140817857785e-01
4.445809000494944097e-01 1.878604086194740896e-01
4.603750215716055916e-01 1.849020431821137844e-01
4.762090420881286423e-01 1.819149473207622991e-01
4.920670180825961748e-01 1.791299876418787074e-01
5.079329819174041027e-01 1.765519347583140441e-01
5.237909579118711356e-01 1.739522047511235792e-01
5.396249784283941864e-01 1.712808865054763208e-01
5.554190999505054238e-01 1.686730638586146913e-01
5.711574191366424191e-01 1.661333629702320125e-01
5.868240888334650407e-01 1.635282318047690808e-01
6.024033340325950503e-01 1.608373464220509141e-01
6.178794677547136960e-01 1.581562021535493079e-01
6.332369068450175442e-01 1.554855069307402582e-01
6.484601876641370444e-01 1.527317997517307346e-01
6.635339816587108031e-01 1.498876206916653631e-01
6.784431107959358886e-01 1.470270545283213492e-01
6.931725628465641442e-01 1.441478381364047767e-01
7.077075065009430510e-01 1.411786534403619842e-01
7.220333063028867571e-01 1.381192811120575681e-01
7.361355373863414098e-01 1.350305149410108430e-01
7.499999999999996669e-01 1.319079586432746753e-01
7.636127338052511870e-01 1.286943446802094326e-01
7.769600319330550731e-01 1.253941672024621867e-01
7.900284547855989103e-01 1.220592493798394462e-01
8.028048435688331930e-01 1.186836125340955811e-01
8.152763335422610336e-01 1.152196838016788655e-01
8.274303669726426058e-01 1.116753279548009792e-01
8.392547057785657572e-01 1.080959698028991361e-01
8.507374438531606353e-01 1.044744023117305382e-01
8.618670190525350439e-01 1.007701117221685150e-01
8.726322248378772795e-01 9.699353032004036368e-02
8.830222215594889512e-01 9.318534917160389841e-02
8.930265473713936419e-01 8.933737099869699938e-02
9.026351287655294264e-01 8.541439682029973446e-02
9.118382907149161776e-01 8.142889054813313987e-02
9.206267664155906028e-01 7.741797401406728951e-02
9.289917066174885329e-01 7.337264927746488252e-02
9.369246885348924136e-01 6.926177679983988589e-02
9.444177243274616274e-01 6.509943667485744434e-02
9.514632691433104750e-01 6.092008858768995644e-02
9.580542287160349613e-01 5.671416128533329076e-02
9.641839665080361721e-01 5.245357117835917904e-02
9.698463103929542140e-01 4.815359334591566565e-02
9.750355588704725518e-01 4.384690080471283918e-02
9.797464868072487398e-01 3.952381891898990030e-02
9.839743506981781795e-01 3.515836130994427766e-02
9.877148934427034677e-01 3.076632908010839065e-02
9.909643486313534089e-01 2.637995237126362219e-02
9.937194443381971443e-01 2.199105292063021841e-02
9.959774064153976703e-01 1.757449075085942142e-02
9.977359612865421834e-01 1.314460947111226186e-02
9.989933382359421632e-01 8.738368957194719150e-03
9.997482711915925968e-01 4.362955932896362549e-03
