2.517288084074031929e-04 8.346416758457110063e+00
1.006661764057781294e-03 4.182743209733434497e+00
2.264038713457705576e-03 2.798962518272456457e+00
4.022593584602329742e-03 2.110168357730842548e+00
6.280555661802800227e-03 1.699334374226100453e+00
9.035651368646646642e-03 1.427394142049247083e+00
1.228510655729647683e-02 1.234803381733335481e+00
1.602564930182182046e-02 1.091823982398968162e+00
2.025351319275126016e-02 9.818624806921316672e-01
2.496444112952733718e-02 8.949314800605714382e-01
3.015368960704578605e-02 8.247469828479199183e-01
3.581603349196366137e-02 7.671375408991942813e-01
4.194577128396520527e-02 7.191330397355254478e-01
4.853673085668941400e-02 6.785947017232250023e-01
5.558227567253826162e-02 6.440359860851478935e-01
6.307531146510747533e-02 6.143496539916637467e-01
7.100829338251141154e-02 5.885981342317254672e-01
7.937323358440939725e-02 5.660450888417849491e-01
8.816170928508360038e-02 5.462012895908923138e-01
9.736487123447062908e-02 5.286743942032527954e-01
1.069734526286063026e-01 5.130454456412092412e-01
1.169777784405109378e-01 4.989736520818652266e-01
1.273677751621226095e-01 4.862822246149196004e-01
1.381329809474648451e-01 4.748139449013908386e-01
1.492625561468393647e-01 4.643207398434853195e-01
1.607452942214338543e-01 4.546044158729848350e-01
1.725696330273573942e-01 4.456187410477250310e-01
1.847236664577387999e-01 4.373032028632130030e-01
1.971951564311666405e-01 4.294669192746900510e-01
2.099715452144008676e-01 4.219682828782014838e-01
2.230399680669447604e-01 4.148348108809916113e-01
2.363872661947486464e-01 4.080536325044094581e-01
2.499999999999997780e-01 4.014348244513273878e-01
2.638644626136583682e-01 3.948521085063255720e-01
2.779666936971130209e-01 3.883963856305057138e-01
2.922924934990568380e-01 3.820820104943707385e-01
3.068274371534356337e-01 3.756550431503896115e-01
3.215568892040640003e-01 3.689577843055145689e-01
3.364660183412890859e-01 3.621771241242269235e-01
3.515398123358624005e-01 3.553246068198371299e-01
3.667630931549822337e-01 3.477598764890740823e-01
3.821205322452865261e-01 3.388517465460986755e-01
3.975966659674047277e-01 3.290626853323338485e-01
4.131759111665348483e-01 3.197609037826949496e-01
4.288425808633573588e-01 3.118215539050248619e-01
4.445809000494944097e-01 3.049083076804717241e-01
4.603750215716055916e-01 2.982774253555299793e-01
4.762090420881286423e-01 2.917418656606633465e-01
4.920670180825961748e-01 2.855246147482578545e-01
5.079329819174041027e-01 2.796231838483348997e-01
5.237909579118711356e-01 2.738022895762514675e-01
5.396249784283941864e-01 2.680058271592408170e-01
5.554190999505054238e-01 2.623631445887836255e-01
5.711574191366424191e-01 2.568735473161188887e-01
5.868240888334650407e-01 2.513985397026506918e-01
6.024033340325950503e-01 2.459131973407225058e-01
6.178794677547136960e-01 2.405087278225958858e-01
6.332369068450175442e-01 2.351818367935103460e-01
6.484601876641370444e-01 2.298353219027545746e-01
6.635339816587108031e-01 2.244582207356118353e-01
6.784431107959358886e-01 2.191213345172147997e-01
6.931725628465641442e-01 2.138193174975827338e-01
7.077075065009430510e-01 2.084779535943909190e-01
7.220333063028867571e-01 2.030942952931681089e-01
7.361355373863414098e-01 1.977265645688846829e-01
7.499999999999996669e-01 1.923679374510819662e-01
7.636127338052511870e-01 1.869588516769946918e-01
7.769600319330550731e-01 1.815016294360383420e-01
7.900284547855989103e-01 1.760460353673292122e-01
8.028048435688331930e-01 1.705841371394965500e-01
8.152763335422610336e-01 1.650665052618834616e-01
8.274303669726426058e-01 1.594992376861571470e-01
8.392547057785657572e-01 1.539260755585683815e-01
8.507374438531606353e-01 1.483382052048856092e-01
8.618670190525350439e-01 1.426935775806635331e-01
8.726322248378772795e-01 1.370011557938868862e-01
8.830222215594889512e-01 1.313002229748058691e-01
8.930265473713936419e-01 1.255812306311909765e-01
9.026351287655294264e-01 1.198076810834668160e-01
9.118382907149161776e-01 1.139907881381865967e-01
9.206267664155906028e-01 1.081664684512175512e-01
9.289917066174885329e-01 1.023245604048166196e-01
9.369246885348924136e-01 9.643279906419918723e-02
9.444177243274616274e-01 9.050417438178645635e-02
9.514632691433104750e-01 8.457208830501934671e-02
9.580542287160349613e-01 7.862594155274173213e-02
9.641839665080361721e-01 7.263664966538181667e-02
9.698463103929542140e-01 6.661851158669512829e-02
9.750355588704725518e-01 6.060324662482981933e-02
9.797464868072487398e-01 5.458024665766593453e-02
9.839743506981781795e-01 4.852260992970595238e-02
9.877148934427034677e-01 4.244523824552266095e-02
9.909643486313534089e-01 3.637947656851883704e-02
9.937194443381971443e-01 3.031627368045590812e-02
9.959774064153976703e-01 2.422962702847435840e-02
9.977359612865421834e-01 1.813302622849887608e-02
9.989933382359421632e-01 1.206258398494091007e-02
9.997482711915925968e-01 6.024644941075478835e-03
