2.517288084074031929e-04 2.154530904015823367e+01
1.006661764057781294e-03 1.078052766157549414e+01
2.264038713457705576e-03 7.195638917085172892e+00
4.022593584602329742e-03 5.405736368624103783e+00
6.280555661802800227e-03 4.333793550429652086e+00
9.035651368646646642e-03 3.620743924698223370e+00
1.228510655729647683e-02 3.112757385313863701e+00
1.602564930182182046e-02 2.732952851567979735e+00
2.025351319275126016e-02 2.438546270852014697e+00
2.496444112952733718e-02 2.203835847402518144e+00
3.015368960704578605e-02 2.012537469577809102e+00
3.581603349196366137e-02 1.853812908026427841e+00
4.194577128396520527e-02 1.720076548523135296e+00
4.853673085668941400e-02 1.605892794348074082e+00
5.558227567253826162e-02 1.507357405800536565e+00
6.307531146510747533e-02 1.421549839956408379e+00
7.100829338251141154e-02 1.346145852866533765e+00
7.937323358440939725e-02 1.279330556183049250e+00
8.816170928508360038e-02 1.219763208517344655e+00
9.736487123447062908e-02 1.166370232054109168e+00
1.069734526286063026e-01 1.118181169237815409e+00
1.169777784405109378e-01 1.074403977206030536e+00
1.273677751621226095e-01 1.034489071806602656e+00
1.381329809474648451e-01 9.979685499779846758e-01
1.492625561468393647e-01 9.643333419898784120e-01
1.607452942214338543e-01 9.331643899993810054e-01
1.725696330273573942e-01 9.042272978939847050e-01
1.847236664577387999e-01 8.773002494583082012e-01
1.971951564311666405e-01 8.520532879365717571e-01
2.099715452144008676e-01 8.282242550289670158e-01
2.230399680669447604e-01 8.057356527928556389e-01
2.363872661947486464e-01 7.844827032224219732e-01
2.499999999999997780e-01 7.641946972981713548e-01
2.638644626136583682e-01 7.446740566963784280e-01
2.779666936971130209e-01 7.259485124143303381e-01
2.922924934990568380e-01 7.079762497278530020e-01
3.068274371534356337e-01 6.904532134453661429e-01
3.215568892040640003e-01 6.731768461786872271e-01
3.364660183412890859e-01 6.562937627420950548e-01
3.515398123358624005e-01 6.397792414820984153e-01
3.667630931549822337e-01 6.229601807240212619e-01
3.821205322452865261e-01 6.051757487119079348e-01
3.975966659674047277e-01 5.868615082393111582e-01
4.131759111665348483e-01 5.693611925415756891e-01
4.288425808633573588e-01 5.535276335515025847e-01
4.445809000494944097e-01 5.390041058024660492e-01
4.603750215716055916e-01 5.250281897023613142e-01
4.762090420881286423e-01 5.113957023404651636e-01
4.920670180825961748e-01 4.983138689610165373e-01
5.079329819174041027e-01 4.857656820283764998e-01
5.237909579118711356e-01 4.735024592265074106e-01
5.396249784283941864e-01 4.614557084667696985e-01
5.554190999505054238e-01 4.497433060491214385e-01
5.711574191366424191e-01 4.383539160078925856e-01
5.868240888334650407e-01 4.271391554984139138e-01
6.024033340325950503e-01 4.160648991780661055e-01
6.178794677547136960e-01 4.052137791606889583e-01
6.332369068450175442e-01 3.945744965190503550e-01
6.484601876641370444e-01 3.840423662048022546e-01
6.635339816587108031e-01 3.735994208235046687e-01
6.784431107959358886e-01 3.633098944950020059e-01
6.931725628465641442e-01 3.531622762199386756e-01
7.077075065009430510e-01 3.430765539024487332e-01
7.220333063028867571e-01 3.330443236553890518e-01
7.361355373863414098e-01 3.231186638246321685e-01
7.499999999999996669e-01 3.132878950666965756e-01
7.636127338052511870e-01 3.034878656705650712e-01
7.769600319330550731e-01 2.937165539031905137e-01
7.900284547855989103e-01 2.840196073423088552e-01
8.028048435688331930e-01 2.743851863502981825e-01
8.152763335422610336e-01 2.647601481822923764e-01
8.274303669726426058e-01 2.551470571488691497e-01
8.392547057785657572e-01 2.455862870699067890e-01
8.507374438531606353e-01 2.360658109911958624e-01
8.618670190525350439e-01 2.265405092976535140e-01
8.726322248378772795e-01 2.170164067415797926e-01
8.830222215594889512e-01 2.075299705812097273e-01
8.930265473713936419e-01 1.980689498961788197e-01
9.026351287655294264e-01 1.885942496098008403e-01
9.118382907149161776e-01 1.791145833182934133e-01
9.206267664155906028e-01 1.696634573255179357e-01
9.289917066174885329e-01 1.602283826595201632e-01
9.369246885348924136e-01 1.507748435929178732e-01
9.444177243274616274e-01 1.413136497956445081e-01
9.514632691433104750e-01 1.318760877396782383e-01
9.580542287160349613e-01 1.224495020875587120e-01
9.641839665080361721e-01 1.130028066394270364e-01
9.698463103929542140e-01 1.035483480682539703e-01
9.750355588704725518e-01 9.411593826506378657e-02
9.797464868072487398e-01 8.469310213501805851e-02
9.839743506981781795e-01 7.525110716922933651e-02
9.877148934427034677e-01 6.580305657635117378e-02
9.909643486313534089e-01 5.637852496302930144e-02
9.937194443381971443e-01 4.696671520010729101e-02
9.959774064153976703e-01 3.753989958370422542e-02
9.977359612865421834e-01 2.810985974327209064e-02
9.989933382359421632e-01 1.871101404043328670e-02
9.997482711915925968e-01 9.348022957433711408e-03
