2.517288084074031929e-04 6.146601378173571995e+00
1.006661764057781294e-03 3.083112467759750785e+00
2.264038713457705576e-03 2.066183118470336755e+00
4.022593584602329742e-03 1.560907022581965453e+00
6.280555661802800227e-03 1.260257844858841736e+00
9.035651368646646642e-03 1.061835844941084073e+00
1.228510655729647683e-02 9.218110478032471855e-01
1.602564930182182046e-02 8.183025042041318642e-01
2.025351319275126016e-02 7.390818489988175699e-01
2.496444112952733718e-02 6.767807521702469131e-01
3.015368960704578605e-02 6.267819017262713510e-01
3.581603349196366137e-02 5.860249797113220582e-01
4.194577128396520527e-02 5.523091216042571583e-01
4.853673085668941400e-02 5.240450196190833410e-01
5.558227567253826162e-02 5.001490827992496335e-01
6.307531146510747533e-02 4.798162896642066966e-01
7.100829338251141154e-02 4.623401811259245653e-01
7.937323358440939725e-02 4.471641776182405659e-01
8.816170928508360038e-02 4.339409697698168866e-01
9.736487123447062908e-02 4.223917545614427893e-01
1.069734526286063026e-01 4.121894917084413801e-01
1.169777784405109378e-01 4.030685978945042214e-01
1.273677751621226095e-01 3.949144167496390634e-01
1.381329809474648451e-01 3.876215107219584954e-01
1.492625561468393647e-01 3.809853061524196560e-01
1.607452942214338543e-01 3.748444201852521585e-01
1.725696330273573942e-01 3.691839815733483077e-01
1.847236664577387999e-01 3.639703617640304145e-01
1.971951564311666405e-01 3.590358578310429705e-01
2.099715452144008676e-01 3.542589541864071823e-01
2.230399680669447604e-01 3.496846705623475882e-01
2.363872661947486464e-01 3.453154540514072335e-01
2.499999999999997780e-01 3.409748456435200414e-01
2.638644626136583682e-01 3.365484504746501515e-01
2.779666936971130209e-01 3.321376978332015728e-01
2.922924934990568380e-01 3.277663039554570279e-01
3.068274371534356337e-01 3.231886814345601988e-01
3.215568892040640003e-01 3.182546073266523945e-01
3.364660183412890859e-01 3.131576843545821331e-01
3.515398123358624005e-01 3.079155010427935268e-01
3.667630931549822337e-01 3.018931591165829320e-01
3.821205322452865261e-01 2.944644128517970860e-01
3.975966659674047277e-01 2.860962148478375933e-01
4.131759111665348483e-01 2.781608556562147339e-01
4.288425808633573588e-01 2.715372072972784823e-01
4.445809000494944097e-01 2.658923413268058367e-01
4.603750215716055916e-01 2.604856312977246735e-01
4.762090420881286423e-01 2.551328928806962937e-01
4.920670180825961748e-01 2.500597390461314906e-01
5.079329819174041027e-01 2.452661008183279479e-01
5.237909579118711356e-01 2.405189279678755787e-01
5.396249784283941864e-01 2.357641802746525961e-01
5.554190999505054238e-01 2.311331176787273234e-01
5.711574191366424191e-01 2.266268192008232540e-01
5.868240888334650407e-01 2.221084370700235067e-01
6.024033340325950503e-01 2.175545803678319845e-01
6.178794677547136960e-01 2.130578859329136931e-01
6.332369068450175442e-01 2.086163935059203167e-01
6.484601876641370444e-01 2.041341478524132669e-01
6.635339816587108031e-01 1.996013540542963538e-01
6.784431107959358886e-01 1.950899078542502607e-01
6.931725628465641442e-01 1.905954910438567296e-01
7.077075065009430510e-01 1.860448535430479222e-01
7.220333063028867571e-01 1.814359572327979286e-01
7.361355373863414098e-01 1.768278813595934029e-01
7.499999999999996669e-01 1.722146111818128600e-01
7.636127338052511870e-01 1.675373493447329387e-01
7.769600319330550731e-01 1.627991420248462717e-01
7.900284547855989103e-01 1.580504400381659291e-01
8.028048435688331930e-01 1.532839622710295835e-01
8.152763335422610336e-01 1.484508981084819434e-01
8.274303669726426058e-01 1.435579344423717485e-01
8.392547057785657572e-01 1.386493736400119803e-01
8.507374438531606353e-01 1.337169375738339050e-01
8.618670190525350439e-01 1.287190889611651845e-01
8.726322248378772795e-01 1.236652806359380408e-01
8.830222215594889512e-01 1.185952650404051845e-01
8.930265473713936419e-01 1.134999440870262527e-01
9.026351287655294264e-01 1.083432529957444324e-01
9.118382907149161776e-01 1.031368222748354491e-01
9.206267664155906028e-01 9.791697030550078340e-02
9.289917066174885329e-01 9.267392336236603134e-02
9.369246885348924136e-01 8.737579164274607291e-02
9.444177243274616274e-01 8.203592847947678568e-02
9.514632691433104750e-01 7.668808839924287635e-02
9.580542287160349613e-01 7.132201479693890678e-02
9.641839665080361721e-01 6.590895683637426616e-02
9.698463103929542140e-01 6.046353883976860605e-02
9.750355588704725518e-01 5.501779801812415466e-02
9.797464868072487398e-01 4.956143741144058978e-02
9.839743506981781795e-01 4.406786038978539183e-02
9.877148934427034677e-01 3.855226852371789609e-02
9.909643486313534089e-01 3.304630183610042515e-02
9.937194443381971443e-01 2.754120009384734488e-02
9.959774064153976703e-01 2.201124826926937825e-02
9.977359612865421834e-01 1.647022064270333569e-02
9.989933382359421632e-01 1.095451230902551309e-02
9.997482711915925968e-01 5.470748605015772828e-03
