-6.000000000000000000e+00 1.268166740172425588e-01
-5.000000000000000000e+00 8.411420812806758018e-02
-4.000000000000000000e+00 -3.903394574898910729e-03
-3.000000000000000000e+00 -2.909007980991441533e-01
-2.000000000000000000e+00 4.399891570279440778e+00
-1.000000000000000000e+00 6.790541495766473368e-01
0.000000000000000000e+00 4.762215101754304625e-01
1.000000000000000000e+00 4.036054865481044085e-01
2.000000000000000000e+00 3.662801228345012317e-01
3.000000000000000000e+00 3.435483439129118910e-01
4.000000000000000000e+00 3.282509467444284512e-01
5.000000000000000000e+00 3.172534028877127543e-01
6.000000000000000000e+00 3.089661787252739877e-01
7.000000000000000000e+00 3.024972631207695217e-01
8.000000000000000000e+00 2.973073819404321028e-01
9.000000000000000000e+00 2.930513263807713042e-01
1.000000000000000000e+01 2.894978620293435223e-01
